# time, roll_desired, roll, lean_desired, lean 
0.001,0.15,-1.6713763579954643e-06,0.0033314664924336485,-7.427367814116792e-07
0.002,0.15,-3.3553605303485137e-06,0.00241638981157893,9.893535327185433e-07
0.003,0.15,-5.245113518273924e-06,0.003559650601634088,1.5559561487965872e-06
0.004,0.15,-8.140710248687983e-06,0.003970037560004981,4.683963825475216e-06
0.005,0.15,-1.1705961964545197e-05,0.004271076409639787,9.425454306522337e-06
0.006,0.15,-1.6051669412331715e-05,0.004636580785574872,1.6014005628181175e-05
0.007,0.15,-2.1221805637883227e-05,0.005009626668217276,2.455229040686957e-05
0.008,0.15,-2.7260012856664653e-05,0.00538915230915635,3.51419786009545e-05
0.009000000000000001,0.15,-3.4208952018268847e-05,0.005774128394702739,4.7881635591886195e-05
0.010000000000000002,0.15,-4.211047962548783e-05,0.006163397843207397,6.286753887855238e-05
0.011000000000000003,0.15,-5.100539208426957e-05,0.006555554672704253,8.019327505104015e-05
0.012000000000000004,0.15,-6.093316158909081e-05,0.006949012615124305,9.9949207879121e-05
0.013000000000000005,0.15,-7.193164633871549e-05,0.0073420286077738525,0.00012222183397524205
0.014000000000000005,0.15,-8.403677981047002e-05,0.007732707128959394,0.00014709307381440497
0.015000000000000006,0.15,-9.728224322553e-05,0.008119002999429897,0.00017463951440689372
0.016000000000000007,0.15,-0.00011169912070281607,0.008498720563171858,0.00020493160857150997
0.017000000000000008,0.15,-0.0001273155382006279,0.008869513042347895,0.00023803283469410634
0.01800000000000001,0.15,-0.00014415628602999786,0.009228880803657608,0.0002739988187799293
0.01900000000000001,0.15,-0.00016224242667808305,0.009574172207016281,0.0003128764206375957
0.02000000000000001,0.15,-0.00018159088736449842,0.009902583037307677,0.0003547027853919553
0.02100000000000001,0.15,-0.00020221403881583397,0.010211157652977875,0.00039950436285310457
0.022000000000000013,0.15,-0.00022411926142226697,0.010496791676232794,0.00044729589642130346
0.023000000000000013,0.15,-0.00024730849899530207,0.010756233994335299,0.0004980793840554873
0.024000000000000014,0.15,-0.00027177780193950055,0.010986090625686354,0.0005518430145484588
0.025000000000000015,0.15,-0.00029751686147844316,0.011182830350148491,0.0006085600818529753
0.026000000000000016,0.15,-0.0003245085355854949,0.011342789789843322,0.0006681878810762436
0.027000000000000017,0.15,-0.00035272836895660926,0.011462180597448517,0.000730666590538861
0.028000000000000018,0.15,-0.00038214410916643236,0.011537098587729305,0.000795918143810991
0.02900000000000002,0.15,-0.0004127152201739663,0.01156353250109824,0.0008638450965808036
0.03000000000000002,0.15,-0.0004443923960770317,0.011537375088299821,0.000934329494020199
0.03100000000000002,0.15,-0.00047711707779299106,0.011454436276526196,0.0010072317438602687
0.03200000000000002,0.15,-0.0005108209744244029,0.011310456194217729,0.001082389501376803
0.03300000000000002,0.15,-0.0005447228743401212,0.00964373527094168,0.0011596149235376257
0.03400000000000002,0.15,-0.0005793223344121126,0.00924473735613459,0.0012387011672231967
0.035000000000000024,0.15,-0.0006141942341266045,0.008593528485058628,0.0013186370096499784
0.036000000000000025,0.15,-0.0006492211061634495,0.00787487577414555,0.0013991307771430293
0.037000000000000026,0.15,-0.0006808245672884947,0.0013129462058317845,0.001479770184340538
0.03800000000000003,0.15,-0.0007127119122570566,0.0011648397736511648,0.0015601255103154957
0.03900000000000003,0.15,-0.0007430692008643197,-0.00040000569216625675,0.0016366967205136158
0.04000000000000003,0.15,-0.0007719173128466849,-0.0019157428105568142,0.001709536386104165
0.04100000000000003,0.15,-0.0007989585606228529,-0.003566469020845245,0.001777947971087219
0.04200000000000003,0.15,-0.0008239202600946387,-0.005331805336776782,0.0018412948405895511
0.04300000000000003,0.15,-0.0008465127138750014,-0.007215190216407721,0.001898900554760908
0.04400000000000003,0.15,-0.0008664345452609071,-0.009216765805779258,0.0019500618352093619
0.04500000000000003,0.15,-0.0008833725404167499,-0.011336537943244091,0.0019940483424961304
0.046000000000000034,0.15,-0.0008970022616617331,-0.013573927251848986,0.0020301042186206906
0.047000000000000035,0.15,-0.0009069886852464861,-0.01592775479248212,0.002057449644388661
0.048000000000000036,0.15,-0.0009129869553311235,-0.018396182868470744,0.0020752826480527446
0.04900000000000004,0.15,-0.0009146432483348747,-0.02097666519863703,0.002082781160546805
0.05000000000000004,0.15,-0.0009115957538174735,-0.023665898136399507,0.0020791053363604386
0.05100000000000004,0.15,-0.0009034757766088054,-0.0264597728990422,0.002063400153119428
0.05200000000000004,0.15,-0.0008899089648877053,-0.02935332838875096,0.002034798301626868
0.05300000000000004,0.15,-0.0008705166686520442,-0.03234070460431798,0.0019924233769217105
0.05400000000000004,0.15,-0.000844917432731291,-0.03541509675217922,0.0019353933798964286
0.05500000000000004,0.15,-0.000812728628181416,-0.03856871030445808,0.0018628245382050503
0.05600000000000004,0.15,-0.0007735682255096119,-0.041792717241466396,0.0017738354541363146
0.057000000000000044,0.15,-0.000727056712783913,-0.04507721379317088,0.0016675515862118752
0.058000000000000045,0.15,-0.0006728191612019336,-0.0484111799934126,0.0015431100700873126
0.059000000000000045,0.15,-0.0006104874401898661,-0.05178244139566818,0.0013996648831542126
0.060000000000000046,0.15,-0.0005397025835295347,-0.05517763331150216,0.0012363923558755554
0.06100000000000005,0.15,-0.0004601173073940825,-0.05858216799534656,0.0010524970314984296
0.06200000000000005,0.15,-0.00037139868046792923,-0.061980205272275324,0.0008472178742542093
0.06300000000000004,0.15,-0.0002732309455308232,-0.0653546276068866,0.0006198348251260379
0.06400000000000004,0.15,-0.00016531849070656866,-0.06868702434503166,0.0003696757077469039
0.06500000000000004,0.15,-4.82689160564805e-05,-0.07012927506608305,9.61235860794398e-05
0.06600000000000004,0.15,7.905328449189093e-05,-0.07335544738616512,-0.00020137694731550563
0.06700000000000005,0.15,0.00021643029800691769,-0.07620080236743684,-0.0005223406323631428
0.06800000000000005,0.15,0.00036407281564044847,-0.07894499363664151,-0.0008672389799835576
0.06900000000000005,0.15,0.0005220895969563408,-0.08152465301426165,-0.001236305868476588
0.07000000000000005,0.15,0.0006905561133249466,-0.08391750580669188,-0.001629698806947548
0.07100000000000005,0.15,0.000869501866820209,-0.0860955209616564,-0.0020474682045444046
0.07200000000000005,0.15,0.0010589075214959924,-0.08803026243123496,-0.0024895504593460947
0.07300000000000005,0.15,0.0012587008046793199,-0.08969214700114614,-0.0029557583502526617
0.07400000000000005,0.15,0.0014687524897335803,-0.09105052952751191,-0.0034457717148839427
0.07500000000000005,0.15,0.0016888723128614975,-0.09207373574362238,-0.003959128014500183
0.07600000000000005,0.15,0.0019188048557605526,-0.09272912630015134,-0.004495212841445077
0.07700000000000005,0.15,0.0021582254081783827,-0.09298317433984565,-0.005053250394124102
0.07800000000000006,0.15,0.002406735829013721,-0.09280155599076395,-0.005632293959932947
0.07900000000000006,0.15,0.0026638604261339633,-0.09214925309549393,-0.006231216451867442
0.08000000000000006,0.15,0.0029290418768233243,-0.09099066829177899,-0.006848701049222665
0.08100000000000006,0.15,0.003201637212469685,-0.08928975272469869,-0.007483231996968679
0.08200000000000006,0.15,0.0034809138927759005,-0.0870101467452859,-0.008133085622331197
0.08300000000000006,0.15,0.0037660459962210483,-0.08411533348988465,-0.008796321630985008
0.08400000000000006,0.15,0.004026867155577592,-0.022038904748298838,-0.00947077293113077
0.08500000000000006,0.15,0.0042930360831969034,-0.020085145081164824,-0.010154046169361467
0.08600000000000006,0.15,0.004549825969322081,-0.009196443806326782,-0.01081253671110252
0.08700000000000006,0.15,0.004797077949676005,0.0015998237440614793,-0.011445989954886908
0.08800000000000006,0.15,0.005038254232076805,0.0002781057700028122,-0.012049443991319268
0.08900000000000007,0.15,0.005145766738603354,0.26270359362860707,-0.012618242383428483
0.09000000000000007,0.15,0.005239868886219263,0.27328013032741133,-0.01315436141986817
0.09100000000000007,0.15,0.005260563490230849,0.31902566504073243,-0.013520167871087256
0.09200000000000007,0.15,0.005208876939930059,0.36222867823226845,-0.013717623394493809
0.09300000000000007,0.15,0.005077782686536774,0.40758165098365867,-0.01373007925284833
0.09400000000000007,0.15,0.004861088644893367,0.4546150860798749,-0.013543086545520389
0.09500000000000007,0.15,0.004552401238141019,0.5033632997193815,-0.013141821600100023
0.09600000000000007,0.15,0.004145264023535892,0.5537453154676073,-0.012511359172957093
0.09700000000000007,0.15,0.003685376510171738,0.49783543530698704,-0.011636671383501884
0.09800000000000007,0.15,0.0031130195442792565,0.553673894991789,-0.010502660629260419
0.09900000000000007,0.15,0.00244769089928899,0.5936737362066864,-0.009151307776184225
0.10000000000000007,0.15,0.001681076529096938,0.6365834820561367,-0.007563667893614401
0.10100000000000008,0.15,0.0008089472422478695,0.6797999562874679,-0.005730165008811738
0.10200000000000008,0.15,-0.00017329355146774575,0.7233604803068867,-0.00364024946133501
0.10300000000000008,0.15,-0.0010912165431274255,0.39399882819459475,-0.0012838344803851598
0.10400000000000008,0.15,-0.002080292585707988,0.34033860047614617,0.0013487744609818105
0.10500000000000008,0.15,-0.0024449365884986023,-1.0455110163039418,0.004069360584848213
0.10600000000000008,0.15,-0.002757034468633099,-1.2074671013690874,0.006844193059790621
0.10700000000000008,0.15,-0.0027753811448212565,-1.3917169986290892,0.008936126830949364
0.10800000000000008,0.15,-0.002475331983648178,-1.5843775704167187,0.010289453823658479
0.10900000000000008,0.15,-0.001830117714849305,-1.7835285853895275,0.010839582187359394
0.11000000000000008,0.15,-0.0008118057316771877,-1.990263773816088,0.010520825741884206
0.11100000000000008,0.15,0.0006078220759281732,-2.2045475927204463,0.0092675113547748
0.11200000000000009,0.15,0.002383024720738451,-2.2737697319722256,0.007013452715443432
0.11300000000000009,0.15,0.004602208154823207,-2.4726994567009606,0.0036919431258438957
0.11400000000000009,0.15,0.0072727161133892115,-2.684889462087304,-0.0006833134812059532
0.11500000000000009,0.15,0.010384680139069494,-2.8304170160409634,-0.006167280759792863
0.11600000000000009,0.15,0.013999446539528601,-3.0542004075147764,-0.012818966187129714
0.11700000000000009,0.15,0.0171955681489861,-1.329779767529475,-0.020658640655464827
0.11800000000000009,0.15,0.020767085753796922,-1.226474176165838,-0.029746607211977055
0.11900000000000009,0.15,0.021924852090272152,4.080383519943336,-0.03910894576094756
0.12000000000000009,0.15,0.02320669426163092,4.0099291831854575,-0.04867396895706397
0.1210000000000001,0.15,0.023354575672792692,4.727791069428312,-0.05561966472967325
0.1220000000000001,0.15,0.0224389313944554,5.372417063376378,-0.06009884260632345
0.1230000000000001,0.15,0.02034719766999103,6.0516679357132315,-0.06184155141106648
0.1240000000000001,0.15,0.016986944549399776,6.755130738505647,-0.06063029244663731
0.12500000000000008,0.15,0.012473526936571435,7.050594532812875,-0.05624075895437475
0.12600000000000008,0.15,0.006488794828595244,7.826020410666924,-0.04844751065297537
0.12700000000000009,0.15,-0.0009493910402358734,8.532792280184422,-0.03725329199327376
0.12800000000000009,0.15,-0.009950760597895018,9.27292295254414,-0.022408435681032124
0.1290000000000001,0.15,-0.020200299407803872,9.188574261050208,-0.003712962688950938
0.1300000000000001,0.15,-0.030406000314923104,6.238479684724888,0.019039670567018264
0.1310000000000001,0.15,-0.041713401494248674,5.823905140464337,0.04560812460829392
0.1320000000000001,0.15,-0.051505721315760755,1.0487357894424356,0.07424486673026387
0.1330000000000001,0.15,-0.061608336669884786,0.31391320193400674,0.10462097645163897
0.1340000000000001,0.15,-0.06955316805529517,-3.881222286735065,0.13411545199304636
0.1350000000000001,0.15,-0.07674251288163052,-4.875790748426409,0.16236397416022208
0.1360000000000001,0.15,-0.08162980310140495,-7.665923760669909,0.18718907021048412
0.1370000000000001,0.15,-0.08493248392460724,-8.663113754393404,0.20820704803459594
0.1380000000000001,0.15,-0.08624926983177815,-9.604574883360929,0.22410391771373522
0.1390000000000001,0.15,-0.08550004657930829,-10.46825588944997,0.23457654649635307
0.1400000000000001,0.15,-0.0834447852650675,-9.525554019550597,0.23936799237345519
0.1410000000000001,0.15,-0.07931644615890875,-10.01456302008228,0.23827723038185955
0.1420000000000001,0.15,-0.07476937054696615,-7.494618750628561,0.23207093439416504
0.1430000000000001,0.15,-0.06854520996466754,-7.561379910422959,0.2207264378911883
0.1440000000000001,0.15,-0.06276010815170979,-4.188907412470394,0.20581633902593854
0.1450000000000001,0.15,-0.055981385694481266,-3.888488257380521,0.18747542899355818
0.1460000000000001,0.15,-0.05030028842819965,-0.4613912335797661,0.16765334700929302
0.1470000000000001,0.15,-0.04442678469349737,0.10629057687007482,0.14658690826895715
0.1480000000000001,0.15,-0.03880548873842932,0.3848332079626644,0.12615656609569037
0.1490000000000001,0.15,-0.0335723787145859,0.7578038524439616,0.10664478484333995
0.1500000000000001,0.15,-0.02877100950330496,1.1376873618496646,0.08816739439392951
0.1510000000000001,0.15,-0.027513538300635396,7.903498161382863,0.07088477550936745
0.1520000000000001,0.15,-0.02672039925639483,8.086213287023707,0.05495181099238089
0.1530000000000001,0.15,-0.028026205154011212,9.369739373736618,0.04389531688873494
0.1540000000000001,0.15,-0.031235443834817453,10.2752876929845,0.03759597113696078
0.1550000000000001,0.15,-0.0355547643174478,9.173554690439161,0.03651980929037013
0.1560000000000001,0.15,-0.04190185111388853,9.795552133308849,0.04090886447599112
0.1570000000000001,0.15,-0.048569703132977274,7.345805383977032,0.04992959968802952
0.1580000000000001,0.15,-0.05687144009597508,7.538351214958034,0.06369548416351455
0.1590000000000001,0.15,-0.0646918434954178,4.263922748245649,0.08068773152269075
0.16000000000000011,0.15,-0.0734868769337892,4.056471313858449,0.10085233632070588
0.16100000000000012,0.15,-0.08133163014266465,1.032393499907796,0.12230234754516238
0.16200000000000012,0.15,-0.08932049424649174,0.4219967249586958,0.14485818187419114
0.16300000000000012,0.15,-0.09708711918151539,0.11754484288662859,0.16685811550157761
0.16400000000000012,0.15,-0.10299943869688433,-3.3822365529379645,0.18799237633823127
0.16500000000000012,0.15,-0.10849650188970457,-3.7687172311761827,0.208128615459094
0.16600000000000012,0.15,-0.11268235969516734,-4.827567014678016,0.22544985447504884
0.16700000000000012,0.15,-0.11526651629352375,-6.409978289677604,0.23987063271785675
0.16800000000000012,0.15,-0.11656027184306846,-7.024639040477378,0.25095497733608535
0.16900000000000012,0.15,-0.11653290680268773,-7.221507783098178,0.2580116735225989
0.17000000000000012,0.15,-0.11503290981504692,-7.606033357744005,0.26089494876529157
0.17100000000000012,0.15,-0.11517345300315779,-1.5041066125202898,0.2596890891134071
0.17200000000000013,0.15,-0.11349438375093204,-2.6210212322157713,0.25437666671007614
0.17300000000000013,0.15,-0.11153564152227742,-2.7111734261017046,0.24837578328744575
0.17400000000000013,0.15,-0.10918403343528588,-2.669455137980778,0.2411298963278234
0.17500000000000013,0.15,-0.10630013499371013,-2.9146995736209087,0.2326516648586922
0.17600000000000013,0.15,-0.10292608929127905,-3.1138697790779277,0.22302375842455818
0.17700000000000013,0.15,-0.09988762015655014,-1.5313146274998104,0.2121738453122219
0.17800000000000013,0.15,-0.0965614997450781,-1.218557570490323,0.2000577875687028
0.17900000000000013,0.15,-0.09395751680277668,0.6232140844486311,0.18757673409674064
0.18000000000000013,0.15,-0.09150627800347808,1.1456161433042062,0.17491936180713802
0.18100000000000013,0.15,-0.08994294033853374,2.5571070495712815,0.163074658357865
0.18200000000000013,0.15,-0.08894542124815703,3.1210701453630776,0.1522882959136122
0.18300000000000013,0.15,-0.08880033646632231,3.812440416101918,0.14326454392769333
0.18400000000000014,0.15,-0.08947414275332494,4.269939627235336,0.13622636712119268
0.18500000000000014,0.15,-0.09111938340205643,4.844666951467675,0.13145296590578676
0.18600000000000014,0.15,-0.09373140990878359,5.295862267858142,0.12908585456241622
0.18700000000000014,0.15,-0.0974613499718301,5.911303353327763,0.1293209530678754
0.18800000000000014,0.15,-0.10235622377571205,6.521165012946535,0.13227844828534102
0.18900000000000014,0.15,-0.10850363840799437,7.156862003959504,0.1381585653547207
0.19000000000000014,0.15,-0.11583266676929378,7.493793285763671,0.14714785150695575
0.19100000000000014,0.15,-0.12269837042313318,4.241003906484314,0.15943652812128198
0.19200000000000014,0.15,-0.13068782182734925,4.283597033018502,0.17504629042614755
0.19300000000000014,0.15,-0.13763135626947737,0.9901334357238234,0.19209722261961792
0.19400000000000014,0.15,-0.14519008198888259,1.2033816088839675,0.21053730933744186
0.19500000000000015,0.15,-0.1522410424968711,0.2501122378783194,0.22855113423867165
0.19600000000000015,0.15,-0.15917813784188845,0.0426858320213892,0.24626177785671924
0.19700000000000015,0.15,-0.1657599484083032,-0.3398077125131387,0.26316904295727
0.19800000000000015,0.15,-0.17195571545267904,-0.7250179346839651,0.2791908733611065
0.19900000000000015,0.15,-0.17775993893067144,-1.0033843724678615,0.2941567387371293
0.20000000000000015,0.15,-0.18303827162261635,-1.4465352847177186,0.30790292033062133
0.20100000000000015,0.15,-0.18674652459137112,-3.9928824110014727,0.3203303222881507
0.20200000000000015,0.15,-0.18993062402368655,-4.209475611178876,0.3312580486784056
0.20300000000000015,0.15,-0.19171765150179035,-5.398916467601786,0.33940144148144286
0.20400000000000015,0.15,-0.19280699677770471,-5.102552466249736,0.3447681793110215
0.20500000000000015,0.15,-0.19255211652188564,-5.806051857479526,0.3468524045935816
0.20600000000000016,0.15,-0.19152946743385546,-5.472344754623561,0.34595915300287106
0.20700000000000016,0.15,-0.18933214244118887,-5.812515793235988,0.34185212233892737
0.20800000000000016,0.15,-0.18589288448449404,-6.475166929257662,0.3348560710143348
0.20900000000000016,0.15,-0.18225851368491253,-4.89342386828438,0.3249262911052849
0.21000000000000016,0.15,-0.17769629957471317,-4.69026077362607,0.31185077842051767
0.21100000000000016,0.15,-0.17356304749324064,-2.270314505605816,0.29661621156550455
0.21200000000000016,0.15,-0.17200040813407458,4.4890957326267396,0.27943663746736436
0.21300000000000016,0.15,-0.17023333991766357,4.529735412084262,0.261688826429611
0.21400000000000016,0.15,-0.1697664752364123,5.36132469170471,0.24698443869018905
0.21500000000000016,0.15,-0.17055112074536372,6.132885173044932,0.23521428530787214
0.21600000000000016,0.15,-0.1727201165903186,6.949350489823484,0.22669105234222242
0.21700000000000016,0.15,-0.1763887975083497,7.802214890546457,0.2216797661699289
0.21800000000000017,0.15,-0.18167755745605835,8.693020417242563,0.22045529422520682
0.21900000000000017,0.15,-0.18870909589495763,9.620783541343858,0.22329725484430027
0.22000000000000017,0.15,-0.19760840230501373,10.584154455395328,0.2304904680377647
0.22100000000000017,0.15,-0.20850231748371809,11.581416415502671,0.2423240471350043
0.22200000000000017,0.15,-0.22151907207416377,12.61054571078588,0.25909033556212896
0.22300000000000017,0.15,-0.236787750252344,13.669157508226874,0.281083696073597
0.22400000000000017,0.15,-0.25443766216142855,14.754391573801527,0.3085991915376838
0.22500000000000017,0.15,-0.27425052650151094,15.139228394530889,0.34193114671079894
0.22600000000000017,0.15,-0.2966973199489606,16.26727295330991,0.38137146883741513
0.22700000000000017,0.15,-0.32173592328526734,17.31040719931488,0.4268251102536302
0.22800000000000017,0.15,-0.34949365657353904,18.36623304373437,0.4785912373293243
0.22900000000000018,0.15,-0.3800692563064223,19.412292764555666,0.5369071835295114
0.23000000000000018,0.15,-0.4135548736001883,20.437208097330647,0.6020027222554001
0.23100000000000018,0.15,-0.45002985514858634,21.424197153052937,0.6740884188410362
0.23200000000000018,0.15,-0.48955670171727683,22.351561396186845,0.7533503741735615
0.23300000000000018,0.15,-0.5321753036769102,23.190838644140122,0.8399423646919263
0.23400000000000018,0.15,-0.577895418066609,23.904675446551764,0.9339757577234968
0.23500000000000018,0.15,-0.626686750188193,24.443980725548073,1.03550633250181
0.23600000000000018,0.15,-0.6784658529298131,24.74413708244242,1.1445170297397693
0.23700000000000018,0.15,-0.7330788019061641,24.719976706763518,1.2608953190530574
0.23800000000000018,0.15,-0.7902783053743966,24.25920963885416,1.384403437285566
0.23900000000000018,0.15,-0.8496936463709104,23.21416517174285,1.5146391799425627
0.24000000000000019,0.15,-0.8807228770445713,10.942618778538986,1.5707976627819453
0.2410000000000002,0.15,-0.8913582600079161,4.391033432233721,1.5708010719391743
0.2420000000000002,0.15,-0.9020224048912594,4.321016944221542,1.570799961661167
0.2430000000000002,0.15,-0.9127204783356738,4.25796802552973,1.570799966064631
0.2440000000000002,0.15,-0.9234348079368041,4.158603590883814,1.5707999829260075
0.2450000000000002,0.15,-0.9341580504708783,4.0440039453522925,1.5707999901998888
0.2460000000000002,0.15,-0.9448869914311793,3.922879615965896,1.5707999931374108
0.2470000000000002,0.15,-0.9556201074070305,3.798825343880945,1.570799994319449
0.2480000000000002,0.15,-0.9663565653925196,3.6733248358381076,1.5707999947956544
0.2490000000000002,0.15,-0.9770958092867839,3.5469882085199047,1.57079999498794
0.25000000000000017,0.15,-0.9878373892756835,3.4200645575099102,1.570799995065975
0.25100000000000017,0.15,-0.998580891590576,3.292653935601951,1.570799995098038
0.25200000000000017,0.15,-1.0093259097197542,3.164794922848142,1.5707999951116223
0.25300000000000017,0.15,-1.0200720327258062,3.0365007543150315,1.5707999951177987
0.25400000000000017,0.15,-1.0308188406238379,2.907774210089311,1.5707999951210292
0.25500000000000017,0.15,-1.0415659026823394,2.7786137514140608,1.5707999951231109
0.25600000000000017,0.15,-1.052312776944598,2.6490160545515096,1.570799995124769
0.2570000000000002,0.15,-1.0642623077060998,5.033659377479417,1.5708001513014773
0.2580000000000002,0.15,-1.076215492256429,4.898965034227058,1.5707999972828617
0.2590000000000002,0.15,-1.0881658333186182,4.750972320228632,1.5707999931086114
0.2600000000000002,0.15,-1.1001134125087675,4.603948099528651,1.5707999935785377
0.2610000000000002,0.15,-1.1120580074091682,4.457174613167701,1.570799993835467
0.2620000000000002,0.15,-1.1239991859539558,4.310221764071673,1.5707999939387483
0.2630000000000002,0.15,-1.1359364090077182,4.162878568370585,1.5707999939802995
0.2640000000000002,0.15,-1.1478690831666791,4.015044211791174,1.57079999399805
0.2650000000000002,0.15,-1.159796586378147,3.866670241832255,1.5707999940067188
0.2660000000000002,0.15,-1.171718280304322,3.7177324103422826,1.5707999940119868
0.2670000000000002,0.15,-1.183633516493586,3.5682174890167757,1.5707999940160478
0.2680000000000002,0.15,-1.1955416397454321,3.4181172590910145,1.5707999940197515
0.2690000000000002,0.15,-1.2074419902380693,3.2674258258104896,1.57079999402343
0.2700000000000002,0.15,-1.219333905127659,3.1161384367801754,1.5707999940272157
0.2710000000000002,0.15,-1.2312167199328048,2.9642509673929167,1.570799994031165
0.2720000000000002,0.15,-1.2430897698399677,2.8117596969023113,1.570799994035305
0.2730000000000002,0.15,-1.254952390986684,2.6586612084894465,1.5707999940396506
0.2740000000000002,0.15,-1.2668039217449971,2.5049523405085297,1.5707999940442114
0.2750000000000002,0.15,-1.278643704012596,2.3506301574348596,1.5707999940489987
0.2760000000000002,0.15,-1.2904710845127687,2.195691927081109,1.5707999940540192
0.2770000000000002,0.15,-1.3022854161015889,2.0401350983819526,1.5707999940592794
0.2780000000000002,0.15,-1.3140860590796366,1.883957277446148,1.570799994064789
0.2790000000000002,0.15,-1.3258723825051697,1.7271562010039792,1.5707999940705517
0.2800000000000002,0.15,-1.3376437655055862,1.5697297069710578,1.5707999940765764
0.2810000000000002,0.15,-1.3493995985840368,1.4116757021878583,1.5707999940828676
0.2820000000000002,0.15,-1.361139284918245,1.2529921274905864,1.5707999940894302
0.2830000000000002,0.15,-1.3728622416487213,1.0936769203370729,1.5707999940962707
0.2840000000000002,0.15,-1.3845679011538279,0.9337279752916895,1.570799994103392
0.2850000000000002,0.15,-1.3962557123093682,0.7731431026584688,1.5707999941107988
0.2860000000000002,0.15,-1.407925141730658,0.6119199856077155,1.5707999941184942
0.2870000000000002,0.15,-1.4195756749953121,0.45005613613472806,1.5707999941264805
0.2880000000000002,0.15,-1.4312068178452841,0.2875488502187409,1.5707999941347603
0.2890000000000002,0.15,-1.4453622429542674,5.47223334976532,1.5708001124769626
0.2900000000000002,0.15,-1.4595011014798251,5.289071322310183,1.5707999934728654
0.2910000000000002,0.15,-1.4736140339915649,5.0849348915629164,1.5707999904743386
0.2920000000000002,0.15,-1.487701826920405,4.882710403546683,1.5707999910099193
0.2930000000000002,0.15,-1.501764675118363,4.680901030367027,1.5707999912863586
0.2940000000000002,0.15,-1.5158024705339426,4.478707110093135,1.5707999914048216
0.2950000000000002,0.15,-1.5298149941532109,4.275753825826446,1.5707999914606243
0.2960000000000002,0.15,-1.543802007944717,4.0718645607442685,1.570799991492533
0.2970000000000002,0.15,-1.5577632979165776,3.866951896174698,1.5707999915155597
0.2980000000000002,0.15,-1.5716986945537856,3.6609674583410543,1.5707999915354867
0.2990000000000002,0.15,-1.5856080830327197,3.4538793353568225,1.5707999915545405
0.3000000000000002,0.15,-1.599491408888406,3.2456620620388112,1.5707999915735764
0.3010000000000002,0.15,-1.6133486816811187,3.0362922255163154,1.5707999915929232
0.3020000000000002,0.15,-1.6271799777882943,2.8257465487889326,1.5707999916127071
0.3030000000000002,0.15,-1.6409854428146893,2.6140010551313515,1.5707999916329767
0.3040000000000002,0.15,-1.6547652938357758,2.4010307008098457,1.5707999916537505
0.3050000000000002,0.15,-1.6685198215687342,2.1868092105000643,1.570799991675035
0.3060000000000002,0.15,-1.6822493925137114,1.9713090012829773,1.5707999916968343
0.3070000000000002,0.15,-1.6959544510859685,1.7545011465268718,1.5707999917191495
0.3080000000000002,0.15,-1.7096355217503327,1.5363553589417953,1.5707999917419808
0.3090000000000002,0.15,-1.7232932111654855,1.3168399839922393,1.5707999917653312
0.3100000000000002,0.15,-1.7369282103440604,1.095921999822268,1.5707999917892006
0.3110000000000002,0.15,-1.750541296833851,0.873567021956902,1.5707999918135909
0.3120000000000002,0.15,-1.7641333369251673,0.6497393118470609,1.5707999918385045
0.3130000000000002,0.15,-1.7784448313288468,-3.183650193105478,1.5708000713394359
0.3140000000000002,0.15,-1.792875207466674,-3.2667302556886715,1.5707999960849408
0.3150000000000002,0.15,-1.8073126404311126,-3.259280369845668,1.5707999882768098
0.3160000000000002,0.15,-1.8217493391688284,-3.271233428769767,1.5707999887728157
0.3170000000000002,0.15,-1.8359704990778474,-3.5441698173750016,1.5707999817001213
0.3180000000000002,0.15,-1.850179032421096,-3.5746434063662007,1.57079998986608
0.31900000000000023,0.15,-1.8643723370369825,-3.609705261105142,1.5707999898046083
0.32000000000000023,0.15,-1.8785504635178734,-3.6460687116681134,1.570799989697145
0.32100000000000023,0.15,-1.8958485930164246,3.0880063175339587,1.5708000471955927
0.32200000000000023,0.15,-1.9131374840005562,3.0053804089395086,1.5707999862614381
0.32300000000000023,0.15,-1.930408267518681,2.9002778256501487,1.5707999849244365
0.32400000000000023,0.15,-1.938981318875806,-11.728757141445383,1.5707995801485597
0.32500000000000023,0.15,-1.9471918490267894,-12.679990148909571,1.5707999669277888
0.32600000000000023,0.15,-1.955359029844857,-12.90168776793789,1.5707999965583443
0.32700000000000023,0.15,-1.9634977088495575,-13.089786671025047,1.5707999957567917
0.32800000000000024,0.15,-1.971619542926311,-13.25946016918837,1.5707999953551903
0.32900000000000024,0.15,-1.9797293778039975,-13.422108013722934,1.5707999952031546
0.33000000000000024,0.15,-1.9878293956140802,-13.58222745741582,1.5707999951513312
0.33100000000000024,0.15,-1.9959207437263813,-13.741601978177924,1.570799995139243
0.33200000000000024,0.15,-2.0040041732689535,-13.900937042519509,1.5707999951430074
0.33300000000000024,0.15,-2.0120802856085533,-14.060517725529683,1.5707999951531249
0.33400000000000024,0.15,-2.0201496285606937,-14.220462811311563,1.5707999951658378
0.33500000000000024,0.15,-2.0282127335490756,-14.380826055848425,1.5707999951796523
0.33600000000000024,0.15,-2.036270129899126,-14.541635838850333,1.570799995193973
0.33700000000000024,0.15,-2.0443223502609476,-14.702910734669137,1.5707999952085627
0.33800000000000024,0.15,-2.052382247041852,-14.868109413485355,1.5707999943697866
0.33900000000000025,0.15,-2.0604252298192463,-15.063120174635806,1.5707999944034619
0.34000000000000025,0.15,-2.0684377798161844,-15.282102109226251,1.570799993853207
0.34100000000000025,0.15,-2.076418760130517,-15.50451522833306,1.5707999938140773
0.34200000000000025,0.15,-2.084369831211384,-15.725163619182872,1.5707999939193502
0.34300000000000025,0.15,-2.0922928581724634,-15.943587912175197,1.570799994036558
0.34400000000000025,0.15,-2.1001895753261173,-16.160028605590693,1.5707999941458628
0.34500000000000025,0.15,-2.1080616483993486,-16.374635938705193,1.5707999942499435
0.34600000000000025,0.15,-2.115910724365419,-16.587474656877404,1.5707999943515452
0.34700000000000025,0.15,-2.123738461293072,-16.798554744224223,1.5707999944521134
0.34800000000000025,0.15,-2.131546530473158,-17.007886873950554,1.5707999945517606
0.34900000000000025,0.15,-2.1352247030163913,-18.502457817578268,1.5595267835919633
0.35000000000000026,0.15,-2.0864325206509204,-35.99164274937314,1.4058471568197999
0.35100000000000026,0.15,-2.0317066433576314,-44.550733246182745,1.248506318381844
0.35200000000000026,0.15,-1.9692403853904161,-51.07000204076553,1.0786483606886805
0.35300000000000026,0.15,-1.900871048447754,-51.19735462617308,0.8923984668703153
0.35400000000000026,0.15,-1.8223491151179065,-58.167193186160745,0.6871378161687827
0.35500000000000026,0.15,-1.7343910875340702,-64.00561873783829,0.46377371205483575
0.35600000000000026,0.15,-1.6362504259790955,-69.43903957894565,0.2195784259698743
0.35700000000000026,0.15,-1.5275527752174216,-74.09705606239712,-0.04753746529442582
0.35800000000000026,0.15,-1.4083164765765623,-77.60772313608237,-0.3389948569139407
0.35900000000000026,0.15,-1.2790751518715304,-78.85654061801557,-0.6563267997912683
0.36000000000000026,0.15,-1.14156792859137,-76.18036383134844,-0.9998452969888825
0.36100000000000027,0.15,-0.999467500615006,-66.29896605093231,-1.36886143895109
0.36200000000000027,0.15,-0.9445459590480695,9.75583878016775,-1.5704284639449537
0.36300000000000027,0.15,-0.9825122606918717,75.08859096997473,-1.5708253987942649
0.36400000000000027,0.15,-1.0188163251767604,71.1996922491539,-1.5708087821458125
0.36500000000000027,0.15,-1.0231261948485175,3.5174719185289014,-1.5707949918527477
0.36600000000000027,0.15,-1.026703549778741,2.014050380532164,-1.570799086685792
0.36700000000000027,0.15,-1.0300554772040722,1.5441855019589943,-1.5707997636459181
0.36800000000000027,0.15,-1.0333442060272138,1.4379306203156639,-1.5707999007849711
0.36900000000000027,0.15,-1.036586955391757,1.377655997465367,-1.5707999578768304
0.3700000000000003,0.15,-1.0397077504465455,1.163326479803702,-1.5707999584164272
0.3710000000000003,0.15,-1.0427918326921224,1.1293138073512006,-1.5707999857732027
0.3720000000000003,0.15,-1.045833255698359,1.083940056914729,-1.5707999898631009
0.3730000000000003,0.15,-1.0486962195731664,0.7613079209266636,-1.5707999656893827
0.3740000000000003,0.15,-1.0515213484422286,0.7327829614754173,-1.5707999927140968
