9.579,0.00,0.00,-5.63,0.11
9.594,0.00,0.00,-5.25,0.21
9.608,0.00,0.00,-5.06,0.21
9.621,0.00,0.00,-4.88,0.27
9.635,0.00,0.00,-4.88,0.37
9.651,0.00,0.00,-5.00,0.43
9.664,0.00,0.00,-5.56,0.48
9.679,0.00,0.00,-5.81,0.48
9.694,18.99,0.00,-6.25,0.64
9.708,18.97,0.00,-6.38,0.74
9.722,20.74,0.00,-6.69,0.90
9.736,23.22,0.00,-6.94,0.80
9.752,29.42,0.00,-7.38,1.01
9.781,25.91,0.00,-8.44,1.17
9.796,26.31,0.00,-8.44,1.17
9.810,20.62,0.00,-8.13,1.17
9.824,14.80,0.00,-7.13,1.22
9.838,12.52,0.00,-6.50,1.22
9.854,7.52,0.00,-5.00,1.60
9.884,5.54,0.00,-3.19,1.60
9.898,7.55,0.00,-2.75,1.38
9.912,7.29,0.00,-2.44,1.44
9.926,8.51,0.00,-1.75,1.49
9.941,11.65,0.00,-1.63,1.60
9.956,13.28,0.00,-1.63,1.65
9.970,10.83,0.00,-1.56,1.49
9.985,9.75,0.00,-1.31,1.70
10.014,10.53,0.00,-1.06,1.54
10.044,9.31,0.00,-0.81,1.97
10.058,8.22,0.00,-0.69,1.65
10.072,5.07,0.00,-0.19,1.60
10.086,6.34,0.00,0.00,1.76
10.102,9.67,0.00,0.06,1.92
10.116,10.53,0.00,-0.12,1.65
10.146,5.12,0.00,0.12,1.81
10.160,3.74,0.00,0.37,1.65
10.174,-0.86,0.00,1.19,1.65
10.188,-1.05,0.00,1.56,1.70
10.204,-1.29,0.00,2.13,1.97
10.218,-3.27,0.00,2.50,1.65
10.235,1.67,0.00,2.69,1.97
10.249,2.59,0.00,2.63,1.65
10.262,3.05,0.00,2.56,1.65
10.276,4.68,0.00,2.25,1.65
10.307,8.81,0.00,1.37,1.76
10.321,10.59,0.00,1.00,1.60
10.336,13.46,0.00,0.19,1.81
10.351,13.57,0.00,-0.19,1.70
10.365,13.74,0.00,-0.75,1.60
10.379,14.90,0.00,-1.06,1.60
10.395,12.90,0.00,-1.44,1.92
10.409,11.59,0.00,-1.44,1.54
10.423,10.61,0.00,-1.37,1.60
10.438,10.83,0.00,-1.37,1.65
10.453,8.52,0.00,-1.12,1.81
10.467,8.29,0.00,-1.00,1.60
10.483,6.93,0.00,-0.69,1.81
10.498,5.55,0.00,-0.44,1.60
10.511,4.87,0.00,-0.19,1.60
10.526,2.28,0.00,0.37,1.60
10.570,0.06,0.00,1.63,1.54
10.600,-0.63,0.00,2.25,1.54
10.613,1.35,0.00,2.31,1.54
10.628,0.86,0.00,2.31,1.60
10.643,3.96,0.00,2.13,1.76
10.658,4.01,0.00,2.00,1.65
10.672,5.73,0.00,1.75,1.54
10.687,7.22,0.00,1.25,1.76
10.702,8.36,0.00,1.00,1.65
10.716,11.26,0.00,0.31,1.54
10.730,13.09,0.00,-0.12,1.60
10.746,15.33,0.00,-1.00,1.81
10.760,15.30,0.00,-1.37,1.54
10.774,18.35,0.00,-2.19,1.54
10.788,15.44,0.00,-2.38,1.60
10.804,14.07,0.00,-2.56,1.81
10.818,13.43,0.00,-2.56,1.54
10.834,12.76,0.00,-2.50,1.81
10.849,13.19,0.00,-2.50,1.65
10.862,12.52,0.00,-2.38,1.49
10.876,12.02,0.00,-2.25,1.60
10.890,11.11,0.00,-2.06,1.54
10.907,9.79,0.00,-1.75,1.86
10.920,9.02,0.00,-1.56,1.54
10.937,7.27,0.00,-1.06,1.81
10.951,5.82,0.00,-0.75,1.54
10.978,0.95,0.00,0.37,1.60
11.009,-3.23,0.00,1.81,1.65
11.023,-2.28,0.00,2.19,1.49
11.038,-2.67,0.00,2.75,1.76
11.053,-2.65,0.00,2.94,1.70
11.081,1.76,0.00,2.81,1.54
11.097,3.70,0.00,2.50,1.81
11.111,5.11,0.00,2.25,1.54
11.124,7.19,0.00,1.69,1.54
11.139,9.13,0.00,1.31,1.60
11.155,12.13,0.00,0.88,1.81
11.169,15.12,0.00,-0.12,1.60
11.185,14.77,0.00,-0.94,1.70
11.199,15.98,0.00,-1.31,1.65
11.213,17.23,0.00,-1.69,1.54
11.241,11.85,0.00,-2.00,1.54
11.271,9.50,0.00,-1.81,1.54
11.302,6.30,0.00,-1.12,1.54
11.315,3.70,0.00,-0.50,1.49
11.330,2.03,0.00,-0.12,1.60
11.346,0.97,0.00,0.56,1.76
11.360,-0.30,0.00,0.94,1.65
11.374,-0.44,0.00,1.31,1.49
11.389,-0.06,0.00,1.75,1.70
11.404,2.33,0.00,1.88,1.70
11.432,4.77,0.00,1.75,1.60
11.448,6.07,0.00,1.37,1.76
11.462,7.12,0.00,1.19,1.54
11.476,9.35,0.00,0.69,1.54
11.490,10.45,0.00,0.37,1.60
11.506,14.25,0.00,-0.44,1.76
11.536,17.21,0.00,-1.69,1.76
11.550,18.47,0.00,-2.06,1.60
11.564,18.70,0.00,-2.44,1.54
11.578,14.94,0.00,-2.63,1.60
11.592,14.31,0.00,-2.63,1.54
11.609,11.73,0.00,-2.38,1.86
11.622,8.51,0.00,-2.06,1.54
11.639,5.84,0.00,-1.44,1.81
11.652,4.00,0.00,-1.00,1.54
11.666,-0.57,0.00,0.00,1.54
11.680,-2.80,0.00,0.63,1.60
11.696,-3.23,8.59,1.63,1.76
11.711,-1.68,8.59,2.00,1.60
11.724,2.80,8.59,2.19,1.54
11.740,4.30,8.59,2.25,1.70
11.754,6.93,8.59,2.06,1.65
11.768,8.72,8.59,1.75,1.54
11.782,10.46,8.59,1.50,1.54
11.799,13.51,8.59,0.88,1.81
11.812,15.70,8.59,0.50,1.54
11.826,14.48,8.59,-0.06,1.54
11.841,15.17,8.59,-0.25,1.65
11.856,14.99,8.59,-0.56,1.76
11.886,9.21,8.59,0.12,1.70
11.914,6.21,8.59,0.81,1.49
11.928,2.65,8.59,1.75,1.60
11.942,0.49,8.59,2.31,1.49
11.958,-5.40,8.59,3.69,1.86
11.972,-6.76,8.59,4.44,1.54
11.989,-7.34,8.59,5.69,1.86
12.016,-8.49,8.59,6.81,1.54
12.030,-8.46,8.59,7.63,1.60
12.045,-7.37,8.59,7.94,1.70
12.061,-7.49,8.59,8.31,1.70
12.074,-7.18,8.59,8.44,1.54
12.090,-6.98,8.59,8.63,1.81
12.105,-6.76,8.59,8.63,1.65
12.119,-7.15,8.59,8.69,1.54
12.132,-6.98,8.59,8.69,1.54
12.149,-5.96,8.59,8.63,1.92
12.163,-6.25,8.59,8.56,1.54
12.176,-5.94,8.59,8.50,1.54
12.191,-5.77,8.59,8.44,1.60
12.207,-4.99,8.59,8.31,1.81
12.221,-4.32,8.59,8.13,1.54
12.235,-2.92,8.59,7.94,1.65
12.251,-1.82,8.59,7.56,1.76
12.264,-1.21,8.59,7.38,1.49
12.278,1.17,8.59,6.88,1.54
12.308,6.36,8.59,5.75,1.86
12.339,10.29,8.59,4.50,1.86
12.353,9.31,8.59,4.19,1.54
12.366,11.17,8.59,3.81,1.54
12.380,7.97,8.59,3.56,1.54
12.394,8.60,8.59,3.44,1.60
12.410,6.31,8.59,3.56,1.81
12.440,0.70,8.59,4.38,1.81
12.468,-5.68,8.59,5.75,1.54
12.482,-7.68,8.59,6.31,1.54
12.498,-13.57,8.59,7.69,1.70
12.526,-10.34,8.59,8.75,1.54
12.542,-12.63,8.59,9.44,1.70
12.557,-12.28,8.59,9.75,1.70
12.571,-8.73,8.59,9.94,1.49
.585,-6.54,8.59,9.88,1.60
12.601,-5.98,8.59,9.69,1.81
12.628,-1.54,8.59,8.88,1.54
12.643,-0.49,8.59,8.56,1.65
12.658,2.29,8.59,8.13,1.70
12.672,5.90,8.59,7.19,1.60
12.687,4.81,8.59,6.44,1.76
12.702,6.93,8.59,6.06,1.65
12.716,7.06,8.59,5.75,1.54
12.730,4.23,8.59,5.38,1.49
12.743,4.44,8.59,5.31,1.60
12.760,3.83,8.59,5.25,1.86
12.774,2.81,8.59,5.31,1.54
12.791,1.17,8.59,5.56,1.92
12.804,0.93,8.59,5.69,1.49
12.818,-0.41,8.59,5.88,1.54
12.832,-1.62,8.59,6.31,1.60
12.847,-3.58,8.59,6.63,1.65
12.863,-6.01,8.59,7.31,1.76
12.876,-7.85,8.59,7.69,1.49
12.892,-9.95,8.59,8.56,1.76
12.907,-10.49,8.59,8.94,1.60
12.921,-13.49,8.59,9.81,1.54
12.934,-13.67,8.59,10.19,1.54
12.951,-12.41,8.59,10.69,1.92
12.965,-12.29,8.59,10.88,1.49
12.979,-10.48,8.59,10.94,1.60
12.993,-8.24,8.59,10.81,1.65
13.009,-7.02,8.59,10.63,1.76
13.023,-4.92,8.59,10.13,1.54
13.039,-1.64,8.59,9.44,1.76
13.053,0.57,8.59,9.00,1.65
13.081,7.48,8.59,7.31,1.54
13.111,8.46,8.59,5.75,1.86
13.141,8.47,8.59,4.94,1.92
13.155,5.81,8.59,4.88,1.54
13.169,3.62,8.59,4.94,1.54
13.183,1.43,8.59,5.25,1.60
13.198,0.11,8.59,5.44,1.65
13.213,-2.22,8.59,6.06,1.76
13.227,-5.48,8.59,6.50,1.54
13.243,-8.46,8.59,7.50,1.81
13.257,-11.02,8.59,8.06,1.54
13.271,-12.53,8.59,9.19,1.54
13.285,-13.61,8.59,9.69,1.60
13.301,-15.42,8.59,10.56,1.86
13.315,-14.83,8.59,10.88,1.54
13.329,-11.40,8.59,11.19,1.60
13.344,-9.36,8.59,11.13,1.65
13.359,-7.38,8.59,11.00,1.76
13.373,-5.51,8.59,10.56,1.54
13.388,-3.23,8.59,10.25,1.70
13.404,-0.57,8.59,9.44,1.76
13.431,6.19,8.59,7.81,1.54
13.461,8.12,8.59,6.44,1.81
13.475,6.59,8.59,6.13,1.54
13.491,2.13,8.59,5.94,1.81
13.505,2.42,8.59,5.94,1.54
13.519,0.80,8.59,6.06,1.49
13.533,-4.32,8.59,6.69,1.54
13.547,-6.33,8.59,7.13,1.60
13.563,-10.59,8.59,8.13,1.81
13.577,-13.37,8.59,8.75,1.54
13.593,-14.84,8.59,9.88,1.81
13.607,-14.88,8.59,10.31,1.54
13.621,-16.37,8.59,11.13,1.54
13.635,-14.27,8.59,11.31,1.65
13.651,-11.27,8.59,11.44,1.81
13.666,-9.11,8.59,11.25,1.60
13.679,-6.91,8.59,10.81,1.54
13.724,3.25,8.59,8.88,1.54
13.738,6.93,8.59,8.25,1.60
13.754,10.31,8.59,6.75,1.76
13.768,9.48,8.59,6.19,1.54
13.781,11.85,8.59,5.19,1.54
13.812,10.71,8.59,3.81,1.81
13.856,2.78,8.59,4.38,1.54
13.884,-3.31,8.59,5.69,1.60
13.914,-12.63,8.59,7.81,1.86
13.928,-16.20,8.59,8.69,1.54
13.944,-19.88,8.59,10.38,1.81
13.958,-18.86,8.59,11.06,1.60
13.972,-18.24,8.59,12.06,1.60
14.003,-9.78,8.59,12.06,1.86
14.017,-6.18,8.59,11.69,1.60
14.030,0.32,8.59,10.56,1.54
14.045,3.22,8.59,9.88,1.65
14.061,10.07,8.59,9.06,1.70
14.075,15.35,8.59,7.00,1.54
14.089,11.84,8.59,5.94,1.60
14.105,10.65,8.59,5.00,1.76
14.119,9.36,8.59,4.81,1.49
14.132,5.13,8.59,4.69,1.54
14.147,0.43,8.59,5.06,1.54
14.163,-5.10,8.59,6.19,1.81
14.177,-6.37,8.59,6.75,1.60
14.193,-14.91,8.59,8.38,1.81
14.207,-18.96,8.59,9.31,1.54
14.221,-14.97,8.59,10.13,1.54
14.235,-11.54,8.59,10.88,1.60
14.265,-2.31,8.59,10.31,1.76
14.279,0.60,8.59,9.88,1.54
14.295,5.50,8.59,8.81,1.76
14.309,8.78,8.59,8.06,1.60
14.323,4.10,8.59,7.19,1.54
14.337,4.56,8.59,6.94,1.54
14.353,-5.06,8.59,7.44,1.81
14.367,-7.72,8.59,7.88,1.60
14.396,-18.16,8.59,9.88,1.70
14.411,-20.00,8.59,10.75,1.70
14.425,-21.06,8.59,12.06,1.54
14.456,-18.65,8.59,13.19,1.76
14.469,-15.16,8.59,13.13,1.54
14.483,-7.91,8.59,12.50,1.60
14.497,-4.26,8.59,11.88,1.54
14.514,1.88,8.59,10.44,1.86
14.528,4.64,8.59,9.63,1.54
14.544,13.99,8.59,7.56,1.86
14.558,7.05,8.59,7.06,1.54
14.572,3.16,8.59,6.75,1.49
14.585,-0.61,8.59,6.56,1.54
14.599,-2.54,8.59,6.75,1.54
14.616,-15.69,8.59,8.19,1.81
14.629,-17.55,8.59,8.94,1.54
14.646,-26.32,8.59,10.88,1.76
14.660,-25.82,8.59,11.75,1.60
14.674,-32.22,8.59,13.50,1.49
14.688,-30.62,8.59,14.19,1.60
14.704,-25.04,8.59,14.88,1.92
14.718,-17.39,8.59,14.56,1.54
14.732,-0.76,8.59,12.75,1.54
14.763,16.77,8.59,9.81,1.70
14.807,43.14,8.59,-0.12,1.70
14.820,45.43,8.59,-1.75,1.49
14.834,42.09,8.59,-4.00,1.49
14.865,18.96,8.59,-3.63,1.86
14.878,6.24,8.59,-2.38,1.49
14.895,-19.20,8.59,1.75,1.76
14.909,-30.59,8.59,4.44,1.54
14.923,-50.00,8.59,7.44,1.44
14.937,-50.00,8.59,14.63,1.54
14.952,-50.00,8.59,18.50,1.60
14.967,-50.00,8.59,26.75,1.65
14.981,-50.00,8.59,31.19,1.49
14.997,-50.00,8.59,40.75,1.76
15.012,-50.00,8.59,45.81,1.65
15.025,-50.00,8.59,57.31,1.54
15.039,-50.00,8.59,63.38,1.49
15.083,-50.00,8.59,90.69,1.54
15.098,-50.00,8.59,89.75,1.60
15.114,-50.00,8.59,88.87,1.76
15.128,-50.00,8.59,88.94,1.54
15.143,-50.00,8.59,91.56,1.76
15.158,-50.00,8.59,92.25,1.65
15.172,-50.00,8.59,92.62,1.60
15.199,-50.00,8.59,91.25,1.60
15.230,-50.00,8.59,91.75,1.60
15.261,-50.00,8.59,91.62,1.60
15.274,-50.00,8.59,91.69,1.54
15.288,-50.00,8.59,91.81,1.60
15.304,-50.00,8.59,91.69,1.81
15.319,-50.00,8.59,91.56,1.70
15.333,-50.00,8.59,91.44,1.54
15.348,-50.00,8.59,91.69,1.81
15.363,-50.00,8.59,91.69,1.70
15.377,-50.00,8.59,91.56,1.60
15.391,-50.00,8.59,91.44,1.60
15.407,-50.00,8.59,91.37,1.86
15.449,-50.00,8.59,91.44,1.65
15.465,-50.00,8.59,91.44,1.86
15.510,-50.00,8.59,91.44,1.60
15.523,-50.00,8.59,91.44,1.60
15.538,-50.00,8.59,91.44,1.65
15.553,-50.00,8.59,91.44,1.76
15.569,-50.00,8.59,91.44,1.76
15.582,-50.00,8.59,91.44,1.60
15.598,-50.00,8.59,91.44,1.81
15.613,-50.00,8.59,91.44,1.65
15.628,-50.00,8.59,91.44,1.81
15.643,-50.00,8.59,91.44,1.70
15.659,-50.00,8.59,91.44,1.76
15.673,-50.00,8.59,91.44,1.54
15.688,-50.00,8.59,91.44,1.86
15.702,-50.00,8.59,91.44,1.60
15.718,-50.00,8.59,91.44,1.86
15.734,-50.00,8.59,91.44,1.76
15.749,-50.00,8.59,91.44,1.70
15.765,-50.00,8.59,91.44,1.86
15.780,-50.00,8.59,91.44,1.65
15.795,-50.00,8.59,91.44,1.81
15.810,-50.00,8.59,91.44,1.65
15.824,-50.00,8.59,91.44,1.60
15.839,-50.00,8.59,91.44,1.76
15.869,-50.00,8.59,91.44,1.86
15.899,-50.00,8.59,91.44,1.76
15.913,-50.00,8.59,91.44,1.65
15.928,-50.00,8.59,91.44,1.65
15.972,-50.00,8.59,91.44,1.60
15.988,-50.00,8.59,91.44,1.86
16.002,-50.00,8.59,91.44,1.60
16.019,-50.00,8.59,91.44,1.92
16.032,-50.00,8.59,91.44,1.54
16.049,-50.00,8.59,91.44,1.86
16.062,-50.00,8.59,91.44,1.54
16.076,-50.00,8.59,91.44,1.60
16.091,-50.00,8.59,91.44,1.65
16.121,-50.00,8.59,91.44,1.65
16.151,-50.00,8.59,91.44,1.65
16.167,-50.00,8.59,91.44,1.81
16.181,-50.00,8.59,91.44,1.65
16.197,-50.00,8.59,91.44,1.81
16.211,-50.00,8.59,91.44,1.65
16.225,-50.00,8.59,91.44,1.54
16.240,-50.00,8.59,91.50,1.76
16.255,-50.00,8.59,91.50,1.70
16.270,-50.00,8.59,91.50,1.76
16.285,-50.00,8.59,91.50,1.70
16.300,-50.00,8.59,91.50,1.70
16.329,-50.00,8.59,91.50,1.65
16.343,-50.00,8.59,91.50,1.54
16.359,-50.00,8.59,91.50,1.86
16.373,-50.00,8.59,91.50,1.60
16.389,-50.00,8.59,91.50,1.86
16.403,-50.00,8.59,91.50,1.60
16.419,-50.00,8.59,91.50,1.86
16.433,-50.00,8.59,91.50,1.54
16.450,-50.00,8.59,91.50,1.92
16.463,-50.00,8.59,91.50,1.54
16.477,-50.00,8.59,91.50,1.54
16.492,-50.00,8.59,91.50,1.70
16.507,-50.00,8.59,91.50,1.76
16.522,-50.00,8.59,91.50,1.65
16.537,-50.00,8.59,91.50,1.81
16.552,-50.00,8.59,91.50,1.65
16.568,-50.00,8.59,91.50,1.81
16.582,-50.00,8.59,91.50,1.65
16.598,-50.00,8.59,91.50,1.81
16.612,-50.00,8.59,91.50,1.65
16.626,-50.00,8.59,91.50,1.54
16.641,-50.00,8.59,91.50,1.76
16.656,-50.00,8.59,91.50,1.70
16.671,-50.00,8.59,91.50,1.76
16.701,-50.00,-5.73,91.50,1.70
16.730,-50.00,-5.73,91.50,1.65
16.744,-50.00,-5.73,91.50,1.60
16.760,-50.00,-5.73,91.50,1.81
16.774,-50.00,-5.73,91.50,1.60
16.790,-50.00,-5.73,91.50,1.86
16.804,-50.00,-5.73,91.50,1.65
16.821,-50.00,-5.73,91.50,1.86
16.835,-50.00,-5.73,91.50,1.65
16.851,-50.00,-5.73,91.50,1.76
16.866,-50.00,-5.73,91.50,1.70
16.880,-50.00,-5.73,91.50,1.65
16.910,-50.00,-5.73,91.50,1.86
16.940,-50.00,-5.73,91.50,1.86
16.954,-50.00,-5.73,91.50,1.60
16.971,-50.00,-5.73,91.50,1.92
17.001,-50.00,-5.73,91.50,1.76
17.031,-50.00,-5.73,91.50,1.70
17.045,-50.00,-5.73,91.50,1.54
