34.739,0.00,0.00,4.63,0.05
34.766,0.00,0.00,4.44,0.05
35.115,0.00,0.00,5.31,0.05
35.129,0.00,0.00,5.25,0.16
35.158,0.00,0.00,5.19,0.27
35.172,0.00,0.00,5.25,0.32
35.186,0.00,0.00,5.31,0.37
35.200,0.00,0.00,5.38,0.43
35.216,-10.38,0.00,5.31,0.53
35.230,-10.79,0.00,5.31,0.69
246,-11.19,0.00,5.25,1.01
35.260,-11.49,0.00,5.25,0.80
35.274,-11.39,0.00,5.19,0.85
35.288,-11.26,0.00,5.19,0.96
35.304,-11.09,0.00,5.06,1.17
35.318,-11.27,0.00,5.00,1.06
35.332,-9.81,0.00,4.75,1.17
35.347,-9.54,0.00,4.63,1.28
35.362,-10.49,0.00,4.50,1.22
35.376,-11.29,0.00,4.38,1.12
35.391,-10.76,0.00,4.31,1.12
35.406,-10.14,0.00,4.06,1.17
35.420,-10.64,0.00,4.00,1.06
35.434,-12.56,0.00,3.94,1.22
35.448,-15.03,0.00,4.06,1.33
35.464,-15.85,0.00,4.38,1.60
35.478,-14.83,0.00,4.44,1.38
35.509,-11.90,0.00,4.19,1.44
35.523,-13.38,0.00,4.06,1.44
35.537,-15.45,0.00,4.13,1.44
35.567,-16.72,0.00,4.44,1.70
35.581,-15.72,0.00,4.50,1.44
35.597,-15.61,0.00,4.50,1.70
35.625,-13.92,0.00,4.19,1.49
35.639,-14.32,0.00,4.06,1.44
35.656,-14.72,0.00,3.88,1.81
35.669,-14.91,0.00,3.81,1.44
35.683,-15.94,0.00,3.75,1.49
35.698,-16.48,0.00,3.75,1.60
714,-16.90,0.00,3.75,1.65
35.728,-16.98,0.00,3.81,1.49
35.742,-17.87,0.00,3.81,1.54
35.758,-17.81,0.00,3.88,1.65
35.785,-15.67,0.00,3.63,1.49
35.799,-15.33,0.00,3.50,1.49
35.816,-14.81,0.00,3.19,1.76
35.830,-14.62,0.00,3.00,1.44
35.847,-15.30,0.00,2.81,1.70
35.860,-15.82,0.00,2.75,1.3335.874,-16.75,0.00,2.75,1.38
35.888,-16.30,0.00,2.69,1.38
35.904,-15.08,0.00,2.50,1.54
35.919,-14.94,0.00,2.38,1.49
35.933,-15.29,0.00,2.25,1.38
35.948,-15.69,0.00,2.13,1.54
35.977,-16.70,0.00,2.13,1.38
35.991,-16.89,0.00,2.13,1.38
36.007,-17.54,0.00,2.19,1.54
36.021,-17.62,0.00,2.19,1.17
36.035,-17.58,0.00,2.25,1.12
36.049,-18.23,0.00,2.31,1.22
36.065,-19.30,0.00,2.44,1.28
36.079,-19.70,0.00,2.56,1.17
36.095,-19.71,0.00,2.69,1.38
36.110,-19.72,0.00,2.75,1.17
36.123,-19.78,0.00,2.75,1.17
36.137,-19.96,0.00,2.81,1.12
36.151,-20.13,0.00,2.81,1.06
36.168,-21.16,0.00,2.94,1.17
36.181,-21.35,0.00,3.00,1.01
36.198,-24.03,0.00,3.31,1.12
36.212,-24.46,0.00,3.50,0.90
36.225,-23.05,0.00,3.63,0.69
36.255,-23.79,0.00,3.81,0.74
36.270,-23.86,0.00,3.81,0.736.283,-22.60,0.00,3.75,0.74
36.314,-23.49,0.00,3.69,0.80
36.328,-21.42,0.00,3.50,0.85
36.341,-20.24,0.00,3.31,0.85
36.358,-16.22,0.00,2.63,1.12
36.372,-14.38,0.00,2.19,0.90
36.385,-8.89,0.00,0.94,0.96
36.400,-5.04,0.00,0.12,1.06
36.416,-0.57,0.00,-1.63,1.12
36.430,0.83,0.00,-2.44,1.01
36.445,7.08,0.00,-4.38,1.17
36.460,10.81,0.00,-5.44,1.17
36.474,13.74,0.00,-6.56,1.12
36.487,15.59,0.00,-8.56,1.17
36.501,20.03,0.00,-9.63,1.17
36.518,25.86,0.00,-11.81,1.44
36.532,28.67,0.00,-12.94,1.28
36.548,34.47,0.00,-15.19,1.54
36.562,37.39,0.00,-16.31,1.28
36.576,42.87,0.00,-18.62,1.33
36.590,44.93,0.00,-19.69,1.33
36.605,50.00,0.00,-21.75,1.4936.621,50.00,0.00,-22.62,1.54
36.634,50.00,0.00,-23.37,1.44
36.650,48.49,0.00,-24.37,1.54
36.665,47.99,0.00,-24.62,1.49
36.679,38.81,0.00,-24.06,1.44
36.693,38.60,0.00,-23.62,1.38
36.709,32.58,0.00,-22.25,1.65
36.723,29.59,0.00,-21.37,1.33
36.737,22.36,0.00,-19.06,1.38
36.751,19.41,0.00,-17.75,1.44
,18.61,0.00,-15.56,1.60
36.781,22.59,0.00,-14.75,1.38
36.812,32.91,0.00,-13.69,1.44
36.825,35.79,0.00,-13.63,1.33
36.839,32.85,0.00,-13.19,1.44
36.853,33.45,0.00,-13.00,1.33
36.870,27.11,0.00,-12.19,1.65
36.884,22.68,0.00,-11.44,1.38
36.900,14.98,0.00,-9.44,1.65
36.914,10.22,0.00,-8.19,1.38
36.928,-0.71,0.00,-5.13,1.33
36.941,-4.90,0.00,-3.44,1.38
36.957,-11.44,0.00,0.06,1.54
36.972,-10.48,0.00,1.44,136.986,-9.60,0.00,2.75,1.38
37.001,-12.37,0.00,5.00,1.54
37.016,-11.10,0.00,5.81,1.54
37.030,-5.27,0.00,6.69,1.38
37.044,-4.85,0.00,6.94,1.38
37.060,-3.74,0.00,7.25,1.70
37.074,-5.41,0.00,7.38,1.38
37.087,-2.14,0.00,7.38,1.38
37.102,-4.91,0.00,7.44,1.49
37.118,-10.88,0.00,7.69,1.65
37.132,-11.81,0.00,8.38,1.44
37.147,-17.09,0.00,9.31,1.60
37.162,-20.28,0.00,9.88,1.54
37.176,-21.91,0.00,10.50,1.44
37.189,-24.36,0.00,11.69,1.44
37.203,-25.85,0.00,12.19,1.44
37.220,-25.92,5.73,13.13,1.76
37.234,-27.12,5.73,13.50,1.44
37.251,-19.76,5.73,13.56,1.76
37.278,-12.60,5.73,12.38,1.44
37.293,-9.98,5.73,11.75,1.49
37.309,-3.39,5.73,10.06,1.70
37.337,1.76,5.73,7.19,1.49
37.352,-0.85,5.73,6.56,1.54
37.367,-3.19,5.73,6.13,1.60
37.381,-5.00,5.73,5.56,1.44
37.395,-10.64,5.73,5.44,1.49
37.411,-13.45,5.73,5.81,1.65
37.425,-13.47,5.73,6.06,1.44
37.439,-20.08,5.73,6.94,1.44
37.453,-21.36,5.73,7.44,1.49
37.469,-15.93,5.73,7.88,1.70
37.483,-13.58,5.73,7.88,1.44
37.499,-7.07,5.73,7.31,1.70
37.513,-1.60,5.73,6.63,1.49
37.527,4.06,5.73,5.69,1.44
37.541,13.81,5.73,3.44,1.38
37.554,15.40,5.73,2.19,1.44
37.571,13.11,5.73,0.37,1.76
37.585,12.37,5.73,-0.31,1.44
37.601,4.78,5.73,-0.81,1.76
37.615,2.10,5.73,-0.75,1.44
37.629,-8.42,5.73,0.25,1.44
37.643,-11.46,5.73,1.06,1.49
37.658,-16.48,5.73,2.75,1.54
37.673,-21.04,5.73,3.75,1.60
37.687,-19.25,5.73,4.88,1.44
37.702,-17.77,5.73,6.19,1.60
37.717,-14.93,5.73,6.50,1.54
37.731,-3.89,5.73,6.06,1.44
37.745,2.30,5.73,5.38,1.44
37.761,11.04,5.73,3.50,1.76
37.775,18.50,5.73,2.25,1.44
37.789,25.24,5.73,-0.56,1.38
37.803,24.29,5.73,-1.69,1.54
37.819,19.35,5.73,-2.50,1.65
37.848,6.66,5.73,-3.50,1.60
37.863,-0.70,5.73,-2.75,1.54
37.877,-3.46,5.73,-1.94,1.38
37.891,-13.42,5.73,0.31,1.44
37.904,-18.32,5.73,1.69,1.44
37.921,-23.28,5.73,4.38,1.70
37.935,-22.61,5.73,5.56,1.44
37.952,-18.67,5.73,7.25,1.76
37.965,-14.71,5.73,7.63,1.44
37.979,-7.95,5.73,7.69,1.44
37.993,-4.39,5.73,7.31,1.49
38.008,4.66,5.73,6.69,1.54
4,9.38,5.73,5.00,1.60
38.037,11.70,5.73,3.94,1.38
38.053,9.61,5.73,2.50,1.65
38.068,7.79,5.73,2.06,1.54
38.081,2.98,5.73,1.75,1.44
38.095,-0.41,5.73,1.94,1.44
38.112,-7.62,5.73,2.81,1.81
38.126,-10.31,5.73,3.44,1.38
38.139,-15.34,5.73,4.94,1.44
38.154,-17.66,5.73,5.75,1.54
38.170,-18.68,5.73,6.63,1.60
38.184,-18.39,5.73,8.00,1.49
38.199,-11.90,5.73,8.50,1.60
38.214,-9.70,5.73,8.44,1.54
38.228,-8.09,5.73,8.31,1.44
38.242,-1.75,5.73,7.50,1.44
38.255,-1.27,5.73,7.06,1.44
38.272,0.91,5.73,6.06,1.76
38.286,0.10,5.73,5.69,1.44
38.302,3.70,5.73,4.75,1.76
38.316,2.87,5.73,4.38,1.38
38.330,-1.57,5.73,4.19,1.44
38.344,-4.13,5.73,4.25,1.44
38.358,-9.18,5.73,4.50,1.49
38.388,-13.26,5.73,5.75,1.44
38.418,-19.36,5.73,7.50,1.49
38.432,-16.76,5.73,8.38,1.44
38.446,-14.26,5.73,8.56,1.44
38.462,-13.04,5.73,8.81,1.70
38.476,-12.13,5.73,8.75,1.44
38.490,-6.15,5.73,8.25,1.44
38.505,-5.47,5.73,7.88,1.60
38.520,-2.63,5.73,7.56,1.54
38.548,1.85,5.73,6.06,1.54
38.564,0.63,5.73,5.00,1.60
38.578,0.37,5.73,4.69,1.44
38.591,-3.15,5.73,4.44,1.44
38.606,-6.08,5.73,4.56,1.49
38.622,-10.54,5.73,5.13,1.638.636,-11.66,5.73,5.44,1.44
38.652,-15.10,5.73,6.31,1.65
38.666,-17.28,5.73,6.88,1.49
38.680,-19.13,5.73,7.44,1.44
38.694,-21.54,5.73,8.56,1.49
38.708,-15.42,5.73,8.81,1.44
38.738,-10.29,5.73,8.94,1.44
38.754,-6.13,5.73,8.25,1.65
38.768,-1.28,5.73,7.56,1.49
38.796,9.21,5.73,4.94,1.44
38.813,7.83,5.73,3.38,1.70
38.827,7.25,5.73,2.75,1.49
38.840,7.71,5.73,1.69,1.38
38.855,3.40,5.73,1.56,1.60
38.871,-1.47,5.73,1.69,1.60
38.884,-4.40,5.73,2.13,1.44
38.899,-6.79,5.73,2.50,1.49
38.915,-8.50,5.73,3.31,1.65
38.928,-9.96,5.73,3.75,1.38
38.942,-12.04,5.73,4.75,1.44
38.956,-12.33,5.73,5.19,1.49
38.973,-9.65,5.73,5.69,1.70
38.986,-8.43,5.73,5.81,1.44
39.003,-5.11,5.73,5.75,1.65
39.017,-4.87,5.73,5.63,1.49
39.030,-1.84,5.73,5.38,1.44
39.044,0.58,5.73,4.75,1.44
39.058,2.22,5.73,4.38,1.44
39.075,6.04,5.73,3.44,1.76
39.088,6.38,5.73,3.00,1.38
39.105,6.21,5.73,2.25,1.76
119,5.10,5.73,2.00,1.44
39.132,0.87,5.73,2.06,1.44
39.146,-0.21,5.73,2.19,1.44
39.161,-4.90,5.73,2.81,1.60
39.190,-8.64,5.73,3.63,1.44
39.206,-11.70,5.73,4.69,1.65
39.220,-12.63,5.73,5.25,1.54
39.234,-15.50,5.73,6.44,1.44
39.248,-14.91,5.73,6.94,1.38
39.265,-14.20,5.73,7.69,1.76
39.278,-13.40,5.73,7.94,1.44
39.292,-10.37,5.73,8.13,1.44
39.307,-7.96,5.73,8.00,1.54
39.322,-7.89,5.73,7.88,1.65
39.336,-7.26,5.73,7.63,1.49
39.351,-4.13,5.73,7.38,1.54
39.380,-4.19,5.73,6.56,1.44
39.394,-1.79,5.73,6.00,1.44
39.408,-1.87,5.73,5.75,1.44
39.424,-1.60,5.73,5.31,1.7039.438,-2.02,5.73,5.13,1.44
39.454,-1.43,5.73,4.75,1.70
39.468,-2.35,5.73,4.69,1.44
39.482,-2.83,5.73,4.63,1.44
39.496,-4.57,5.73,4.75,1.49
39.510,-5.37,5.73,4.88,1.44
39.540,-6.50,5.73,5.19,1.44
39.556,-8.36,5.73,5.56,1.70
39.570,-9.33,5.73,5.81,1.49
39.584,-10.30,5.73,6.25,1.38
39.598,-10.90,5.73,6.50,1.49
39.614,-11.28,5.73,7.00,1.70
39.629,-10.55,5.73,7.13,1.49
39.642,-9.64,5.73,7.25,1.44
39.672,-7.70,5.73,7.19,1.60
39.686,-7.46,5.73,7.06,1.44
39.700,-6.57,5.73,6.94,1.44
39.716,-5.43,5.73,6.63,1.65
39.730,-4.71,5.73,6.44,1.44
39.744,-2.95,5.73,5.94,1.44
39.758,-1.73,5.73,5.69,1.49
39.774,-0.13,5.73,5.06,1.65
.788,1.07,5.73,4.75,1.38
39.803,1.85,5.73,4.06,1.60
39.818,2.09,5.73,3.81,1.60
39.832,0.18,5.73,3.69,1.38
39.845,-0.39,5.73,3.50,1.44
39.859,-0.40,5.73,3.44,1.44
39.876,-3.63,5.73,3.69,1.70
39.889,-4.69,5.73,3.88,1.44
39.906,-6.33,5.73,4.31,1.70
39.919,-7.52,5.73,4.63,1.44
39.933,-8.30,5.73,4.94,1.38
39.947,-11.30,5.73,5.69,1.49
39.961,-12.92,5.73,6.13,1.44
39.977,-15.19,5.73,7.06,1.70
39.991,-12.56,5.73,7.44,1.38
40.007,-12.95,5.73,7.88,1.70
40.021,-12.98,5.73,8.06,1.44
40.035,-11.67,5.73,8.25,1.44
40.049,-9.00,5.73,8.13,1.44
40.065,-8.02,5.73,7.88,1.60
40.079,-6.94,5.73,7.63,1.54
40.093,-5.50,5.73,7.38,1.38
40.108,-3.41,5.73,6.81,1.60
40.123,-3.29,5.73,6.50,1.54
40.137,0.53,5.73,5.81,1.49
40.151,-0.10,5.73,5.44,1.38
40.167,-0.99,5.73,4.94,1.70
40.181,-0.34,5.73,4.69,1.44
40.194,-1.90,5.73,4.31,1.3840.209,-4.36,5.73,4.38,1.49
40.225,-6.95,5.73,4.50,1.65
40.239,-7.64,5.73,4.88,1.44
40.254,-8.28,5.73,5.25,1.54
40.269,-10.42,5.73,5.56,1.54
40.283,-13.14,5.73,6.00,1.44
40.296,-13.39,5.73,6.75,1.44
40.310,-12.61,5.73,7.00,1.44
40.341,-9.96,5.73,7.25,1.38
40.371,-5.03,5.73,6.88,1.38
40.385,-4.84,5.73,6.63,1.44
40.399,-0.72,5.73,6.00,1.44
40.414,1.08,5.73,5.56,1.54
40.429,2.74,5.73,4.63,1.60
40.443,2.41,5.73,4.13,1.44
40.459,1.15,5.73,3.56,1.65
40.473,-1.20,5.73,3.50,1.54
40.487,-5.36,5.73,3.81,140.501,-6.86,5.73,4.06,1.44
40.517,-7.55,5.73,4.56,1.70
40.531,-8.33,5.73,4.81,1.38
40.545,-12.25,5.73,5.63,1.4440.560,-13.30,5.73,6.06,1.54
40.575,-12.07,5.73,6.38,1.60
40.589,-9.37,5.73,6.69,1.44
40.604,-7.96,5.73,6.75,1.54
40.633,-3.55,5.73,6.44,1.38
40.647,-1.83,5.73,5.88,1.44
40.661,-1.17,5.73,5.56,1.44
40.677,1.96,5.73,4.75,1.70
40.691,0.76,5.73,4.50,1.38
40.707,0.92,5.73,4.06,1.70
40.721,-1.44,5.73,4.00,1.44
40.735,-2.13,5.73,4.00,1.38
40.749,-5.19,5.73,4.25,1.44
40.763,-5.63,5.73,4.44,1.44
40.779,-7.63,5.73,4.88,1.70
40.793,-8.70,5.73,5.13,1.38
40.809,-12.34,5.73,5.94,1.70
40.823,-13.23,5.73,6.31,1.44
40.837,-12.14,5.73,7.00,1.38
40.851,-11.25,5.73,7.19,1.44
40.866,-9.64,5.73,7.38,1.60
40.881,-8.72,5.73,7.38,1.49
40.895,-6.74,5.73,7.25,1.44
40.910,-5.83,5.73,7.00,1.60
40.925,-5.23,5.73,6.81,1.54
40.952,-1.17,5.73,5.94,1.44
40.982,-0.54,5.73,5.06,1.38
40.996,-1.61,5.73,4.69,1.44
41.011,-2.39,5.73,4.63,1.49
41.027,-4.94,5.73,4.63,1.60
41.040,-5.23,5.73,4.75,1.44
41.056,-6.89,5.73,5.06,1.54
41.071,-6.88,5.73,5.19,1.54
41.084,-7.94,5.73,5.38,1.44
41.112,-11.09,5.73,6.19,1.44
41.142,-12.14,5.73,6.94,1.38
41.173,-7.52,5.73,7.06,1.38
41.186,-6.07,5.73,7.00,1.44
41.200,-4.92,5.73,6.63,1.44
41.215,-2.64,5.73,6.44,1.54
1.231,-1.43,5.73,5.81,1.60
41.244,0.31,5.73,5.44,1.44
41.275,0.41,5.73,4.44,1.49
41.288,-0.92,5.73,4.13,1.44
41.302,-1.48,5.73,4.06,1.44
41.319,-4.06,5.73,4.13,1.70
41.333,-4.03,5.73,4.25,1.44
41.346,-6.35,5.73,4.56,1.38
41.361,-6.20,5.73,4.69,1.60
41.377,-8.35,5.73,4.94,1.60
1,-9.93,5.73,5.56,1.44
41.405,-10.32,5.73,5.88,1.49
41.421,-10.12,5.73,6.38,1.65
41.435,-10.20,5.73,6.56,1.44
41.462,-6.38,5.73,6.63,1.49
41.479,-3.69,5.73,6.31,1.65
41.493,-2.58,5.73,6.06,1.44
41.509,0.22,5.73,5.44,1.76
41.523,1.48,5.73,5.06,1.38
41.537,2.81,5.73,4.69,1.44
41.551,1.77,5.73,4.13,1.49
41.565,0.62,5.73,3.81,1.44
41.581,-1.43,5.73,3.69,1.70
41.594,-2.35,5.73,3.75,1.44
41.611,-4.57,5.73,4.06,1.65
41.625,-4.79,5.73,4.19,1.44
41.638,-6.90,5.73,4.69,1.44
41.652,-6.72,5.73,4.88,1.44
41.668,-8.89,5.73,5.44,1.60
41.683,-10.82,5.73,5.81,1.54
41.696,-10.15,5.73,6.13,1.44
41.712,-9.06,5.73,6.56,1.65
41.727,-9.63,5.73,6.75,1.49
41.740,-8.81,5.73,6.94,1.44
41.754,-7.82,5.73,7.00,1.44
41.771,-6.60,5.73,6.88,1.7041.784,-5.74,5.73,6.81,1.44
41.798,-4.41,5.73,6.50,1.44
41.813,-3.63,5.73,6.31,1.54
41.828,-1.97,5.73,6.13,1.60
842,-0.52,5.73,5.56,1.44
41.857,0.20,5.73,4.94,1.60
41.886,1.61,5.73,4.44,1.44
41.900,-0.39,5.73,4.13,1.38
41.914,-0.57,5.73,4.06,1.49
41.930,-3.25,5.73,4.13,1.76
41.944,-2.91,5.73,4.19,1.44
41.961,-3.91,5.73,4.44,1.70
41.974,-4.63,5.73,4.56,1.44
41.988,-5.80,5.73,4.75,1.44
42.002,-7.67,5.73,5.19,1.49
42.017,-9.00,5.73,5.44,1.54
42.033,-10.31,5.73,6.06,1.60
42.046,-12.19,5.73,6.44,1.44
42.062,-14.31,5.73,7.25,1.65
42.077,-13.57,5.73,7.56,1.54
42.091,-10.12,5.73,7.88,1.44
42.104,-9.60,5.73,7.88,1.44
42.121,-7.05,5.73,7.75,1.70
42.135,-6.34,5.73,7.56,1.44
42.149,-3.82,5.73,7.06,1.38
42.163,-1.92,5.73,6.75,1.54
42.179,-0.39,5.73,6.31,1.65
42.193,1.70,5.73,5.50,1.49
42.208,1.81,5.73,5.13,1.54
42.237,1.42,-5.73,4.06,1.44
42.250,-3.05,-5.73,3.94,1.44
42.264,-5.13,-5.73,4.06,1.44
42.281,-7.42,-5.73,4.38,1.65
42.294,-7.64,-5.73,4.50,1.44
42.311,-10.25,-5.73,4.94,1.70
42.325,-11.82,-5.73,5.19,1.44
42.338,-11.70,-5.73,5.56,1.44
2.352,-11.14,-5.73,5.81,1.44
42.367,-7.87,-5.73,5.75,1.49
42.383,-6.65,-5.73,5.44,1.65
42.397,-4.38,-5.73,5.13,1.44
42.427,-0.31,-5.73,3.81,1.49
42.440,4.30,-5.73,2.56,1.38
42.454,6.69,-5.73,1.81,1.44
42.470,9.00,-5.73,0.31,1.65
42.485,11.70,-5.73,-0.50,1.49
42.498,7.16,-5.73,-1.19,1.44
42.514,7.88,-5.73,-2.00,1.60
42.529,7.18,-5.73,-2.44,1.60
42.543,5.79,-5.73,-2.88,1.44
42.557,9.28,-5.73,-3.25,1.44
42.573,10.46,-5.73,-3.88,1.65
42.587,12.05,-5.73,-4.25,1.44
42.600,14.43,-5.73,-5.06,1.44
42.615,16.41,-5.73,-5.56,1.49
,20.51,-5.73,-6.69,1.70
42.645,21.02,-5.73,-7.19,1.44
,20.26,-5.73,-8.06,1.65
42.675,20.31,-5.73,-8.38,1.49
42.689,19.98,-5.73,-8.63,1.49
42.703,18.81,-5.73,-8.94,1.44
42.716,17.86,-5.73,-8.94,1.49
42.733,16.14,-5.73,-8.81,1.70
42.747,16.07,-5.73,-8.69,1.44
42.763,14.74,-5.73,-8.44,1.70
42.791,12.90,-5.73,-7.88,1.44
42.821,10.88,-5.73,-7.06,1.65
42.835,11.11,-5.73,-6.81,1.49
42.849,10.53,-5.73,-6.50,1.44
42.864,10.97,-5.73,-6.06,1.54
42.879,11.76,-5.73,-5.94,1.54
42.893,9.62,-5.73,-5.50,1.44
42.907,9.81,-5.73,-5.31,1.38
42.923,9.49,-5.73,-4.94,1.42.937,7.96,-5.73,-4.75,1.44
42.951,7.36,-5.73,-4.31,1.38
42.965,6.77,-5.73,-4.06,1.49
42.981,5.72,-5.73,-3.88,1.65
42.995,5.39,-5.73,-3.38,1.44
43.010,5.15,-5.73,-3.00,1.54
43.039,4.55,-5.73,-2.63,1.38
43.066,5.67,-5.73,-2.38,1.44
43.082,7.63,-5.73,-2.50,1.65
43.096,6.98,-5.73,-2.50,1.44
43.113,7.95,-5.73,-2.69,1.70
43.126,8.25,-5.73,-2.75,1.38
43.140,9.42,-5.73,-2.94,1.44
43.154,10.35,-5.73,-3.25,1.44
43.168,10.77,-5.73,-3.44,1.38
43.184,12.67,-5.73,-3.94,1.70
43.198,13.12,-5.73,-4.19,1.44
43.214,14.78,-5.73,-4.75,1.65
43.228,15.54,-5.73,-5.06,1.38
43.241,15.93,-5.73,-5.56,1.38
43.255,16.54,-5.73,-5.88,1.44
43.271,14.19,-5.73,-6.06,1.60
43.286,13.52,-5.73,-6.13,1.54
43.300,11.93,-5.73,-6.13,1.44
43.315,11.80,-5.73,-5.94,1.65
43.344,9.70,-5.73,-5.50,1.44
43.374,7.36,-5.73,-4.81,1.70
43.388,6.11,-5.73,-4.50,1.44
43.402,3.80,-5.73,-3.88,1.44
43.416,1.88,-5.73,-3.50,1.49
43.432,3.85,-5.73,-3.19,1.65
43.446,1.26,-5.73,-2.63,1.38
43.461,2.40,-5.73,-2.25,1.60
43.476,1.62,-5.73,-2.06,1.54
43.490,3.93,-5.73,-2.00,1.38
43.503,5.11,-5.73,-2.13,1.44
43.517,5.74,-5.73,-2.19,1.44
43.534,6.82,-5.73,-2.44,1.65
43.547,8.23,-5.73,-2.63,1.38
43.564,9.36,-5.73,-3.06,1.70
43.577,11.68,-5.73,-3.44,1.44
43.591,12.38,-5.73,-3.75,1.38
43.605,15.22,-5.73,-4.63,1.49
43.619,15.82,-5.73,-5.00,1.44
43.649,14.44,-5.73,-6.06,1.44
43.665,14.86,-5.73,-6.44,1.65
43.679,13.55,-5.73,-6.50,1.49
43.708,11.17,-5.73,-6.44,1.49
43.738,9.05,-5.73,-6.13,1.49
43.752,8.13,-5.73,-5.81,1.44
43.767,8.34,-5.73,-5.63,1.54
43.782,7.09,-5.73,-5.44,1.54
43.795,5.71,-5.73,-4.94,1.44
43.809,4.54,-5.73,-4.69,1.44
43.826,4.58,-5.73,-4.19,1.70
43.839,4.80,-5.73,-4.00,1.38
43.853,4.12,-5.73,-3.69,1.38
43.867,5.48,-5.73,-3.63,1.49
43.883,7.70,-5.73,-3.56,1.60
43.897,8.40,-5.73,-3.75,1.44
43.912,9.56,-5.73,-4.06,1.54
43.927,10.02,-5.73,-4.19,1.60
43.954,12.83,-5.73,-4.88,1.38
43.968,14.08,-5.73,-5.19,1.44
43.985,16.09,-5.73,-5.88,1.70
43.999,15.80,-5.73,-6.13,1.44
44.015,14.78,-5.73,-6.56,1.70
44.029,14.68,-5.73,-6.75,1.44
44.043,13.79,-5.73,-6.81,1.38
44.057,12.74,-5.73,-6.88,1.44
44.071,11.83,-5.73,-6.81,1.49
44.087,11.62,-5.73,-6.69,144.101,10.99,-5.73,-6.56,1.44
44.116,10.44,-5.73,-6.38,1.65
44.131,9.80,-5.73,-6.25,1.49
44.144,8.60,-5.73,-5.94,1.38
44.158,7.65,-5.73,-5.69,1.44
44.174,6.37,-5.73,-5.25,1.65
44.202,3.57,-5.73,-4.69,1.44
44.218,3.17,-5.73,-4.06,1.54
44.233,3.10,-5.73,-3.88,1.60
44.260,3.93,-5.73,-3.31,1.44
44.290,5.16,-5.73,-3.13,1.38
44.304,6.53,-5.73,-3.25,1.44
44.319,6.24,-5.73,-3.31,1.49
44.334,7.27,-5.73,-3.50,1.65
44.348,7.62,-5.73,-3.63,1.38
44.364,8.84,-5.73,-3.94,1.60
44.379,10.01,-5.73,-4.13,1.54
44.392,10.92,-5.73,-4.38,1.38
44.406,12.27,-5.73,-4.94,1.49
44.420,13.55,-5.73,-5.25,1.44
44.437,15.99,-5.73,-6.00,1.70
44.451,15.78,-5.73,-6.31,1.44
44.481,15.40,-5.73,-7.06,1.44
95,15.34,-5.73,-7.44,1.44
44.509,14.17,-5.73,-7.44,1.44
44.539,12.52,-5.73,-7.31,1.54
44.553,11.75,-5.73,-7.31,1.38
44.568,11.99,-5.73,-7.13,1.60
44.583,10.43,-5.73,-6.94,1.54
44.597,9.29,-5.73,-6.63,1.49
44.611,8.44,-5.73,-6.38,1.44
44.627,7.07,-5.73,-5.94,1.70
44.655,4.28,-5.73,-5.06,1.44
44.669,2.81,-5.73,-4.69,1.49
44.685,3.38,-5.73,-4.38,1.60
44.699,1.33,-5.73,-3.75,1.44
44.714,2.53,-5.73,-3.31,1.60
44.729,4.28,-5.73,-3.25,1.54
44.743,4.26,-5.73,-3.19,1.38
44.756,5.93,-5.73,-3.25,1.44
44.770,6.87,-5.73,-3.38,1.44
44.787,7.91,-5.73,-3.69,1.70
44.800,8.54,-5.73,-3.88,1.44
44.817,10.55,-5.73,-4.31,1.70
44.844,14.06,-5.73,-4.94,1.38
44.858,15.34,-5.73,-5.75,1.44
44.873,16.11,-5.73,-6.19,1.49
44.889,17.01,-5.73,-6.88,1.70
44.903,16.02,-5.73,-7.19,1.44
44.932,14.14,-5.73,-7.63,1.44
44.946,11.77,-5.73,-7.50,1.44
44.960,10.88,-5.73,-7.38,1.44
44.976,9.99,-5.73,-7.06,1.65
44.990,8.75,-5.73,-6.81,1.49
45.004,7.10,-5.73,-6.56,1.44
45.019,6.13,-5.73,-6.00,1.60
45.034,5.31,-5.73,-5.69,1.49
45.048,4.23,-5.73,-5.06,1.44
45.062,4.46,-5.73,-4.81,1.44
45.078,4.80,-5.73,-4.44,1.70
45.092,5.36,-5.73,-4.31,1.38
,5.86,-5.73,-4.13,1.44
45.120,7.47,-5.73,-4.19,1.49
45.136,8.30,-5.73,-4.31,1.60
45.150,8.78,-5.73,-4.50,1.44
45.165,10.77,-5.73,-4.88,1.54
45.180,11.65,-5.73,-5.06,1.54
45.194,12.32,-5.73,-5.31,1.44
45.208,14.13,-5.73,-5.88,1.38
45.221,15.03,-5.73,-6.13,1.44
45.238,15.06,-5.73,-6.69,1.76
45.252,14.35,-5.73,-6.81,1.38
45.269,12.35,-5.73,-6.94,1.76
45.282,11.29,-5.73,-6.88,1.44
45.296,10.16,-5.73,-6.81,1.38
45.310,9.35,-5.73,-6.56,1.49
45.325,8.29,-5.73,-6.31,1.54
45.340,6.27,-5.73,-5.88,1.60
45.354,5.54,-5.73,-5.69,1.44
45.370,4.38,-5.73,-5.13,1.60
45.384,3.39,-5.73,-4.81,1.49
45.398,2.54,-5.73,-4.19,1.44
45.412,3.61,-5.73,-4.00,1.44
45.428,5.66,-5.73,-3.88,1.70
45.456,9.00,-5.73,-4.19,1.44
45.486,11.53,-5.73,-4.56,1.60
45.514,13.66,-5.73,-5.63,1.44
45.530,13.81,-5.73,-6.19,1.70
45.544,15.22,-5.73,-6.44,1.38
45.557,11.33,-5.73,-6.63,1.44
45.572,10.57,-5.73,-6.63,1.54
45.588,8.35,-5.73,-6.31,1.6545.602,7.99,-5.73,-6.19,1.44
45.617,5.98,-5.73,-5.75,1.65
45.632,5.90,-5.73,-5.50,1.49
45.645,4.24,-5.73,-5.25,1.38
5.659,1.32,-5.73,-4.56,1.49
45.673,2.35,-5.73,-4.25,1.44
0,4.23,-5.73,-4.00,1.76
45.704,5.28,-5.73,-3.94,1.44
45.720,8.74,-5.73,-4.19,1.70
45.734,8.40,-5.73,-4.31,1.38
45.747,9.77,-5.73,-4.50,1.44
45.761,16.01,-5.73,-5.19,1.44
45.776,20.24,-5.73,-5.94,1.54
45.792,25.48,-5.73,-7.50,1.60
45.805,20.80,-5.73,-8.25,1.44
45.821,17.93,-5.73,-8.81,1.60
45.836,16.30,-5.73,-8.88,45.849,10.12,-5.73,-8.38,1.44
45.863,6.41,-5.73,-7.88,1.44
45.880,3.28,-5.73,-6.81,1.81
45.894,1.43,-5.73,-6.19,1.44
45.907,-2.00,-5.73,-4.88,1.38
45.922,0.69,-5.73,-4.44,1.49
45.937,1.52,-5.73,-4.13,1.60
45.951,5.82,-5.73,-3.94,1.44
966,10.89,-5.73,-4.13,1.54
45.982,15.03,-5.73,-4.88,1.60
45.995,16.32,-5.73,-5.38,1.44
46.009,21.26,-5.73,-6.63,1.38
46.023,24.45,-5.73,-7.38,1.49
46.040,22.51,-5.73,-8.56,1.70
46.053,19.13,-5.73,-8.75,1.44
46.070,14.96,-5.73,-8.75,1.70
46.084,12.03,-5.73,-8.50,1.44
46.097,10.15,-5.73,-8.19,1.44
46.111,6.91,-5.73,-7.38,1.49
46.126,4.77,-5.73,-6.94,1.44
46.155,3.80,-5.73,-5.13,1.44
46.185,4.87,-5.73,-4.31,1.44
46.199,11.71,-5.73,-4.50,1.44
46.213,13.77,-5.73,-4.81,1.44
46.229,16.82,-5.73,-5.63,1.65
46.244,18.43,-5.73,-6.06,1.49
46.257,19.11,-5.73,-6.69,1.38
46.272,19.13,-5.73,-7.50,1.54
46.287,17.86,-5.73,-7.69,1.60
46.301,13.66,-5.73,-7.75,1.49
46.315,13.30,-5.73,-7.63,1.44
46.332,10.80,-5.73,-7.25,1.70
46.345,9.62,-5.73,-7.00,1.38
46.373,5.39,-5.73,-5.88,1.49
46.403,4.41,-5.73,-4.88,1.44
46.433,7.79,-5.73,-4.50,1.49
46.447,9.05,-5.73,-4.56,1.44
46.461,12.35,-5.73,-4.88,1.38
46.474,13.50,-5.73,-5.13,1.44
46.491,15.98,-5.73,-5.75,1.81
46.505,17.65,-5.73,-6.19,1.3846.522,20.35,-5.73,-7.06,1.76
46.535,17.69,-5.73,-7.31,1.38
46.549,16.61,-5.73,-7.44,1.44
46.563,15.63,-5.73,-7.63,1.49
46.578,12.00,-5.73,-7.38,1.54
46.593,11.00,-5.73,-7.13,1.60
46.607,9.64,-5.73,-6.94,1.44
46.623,7.96,-5.73,-6.31,1.65
46.637,6.86,-5.73,-6.00,1.49
46.651,5.28,-5.73,-5.25,1.44
46.665,5.69,-5.73,-5.00,1.49
46.681,4.95,-5.73,-4.50,1.70
46.695,4.92,-5.73,-4.25,1.44
46.709,8.38,-5.73,-4.19,1.38
46.739,10.97,-5.73,-4.25,1.60
46.753,13.11,-5.73,-4.75,1.44
46.767,15.37,-5.73,-5.06,1.54
46.783,17.14,-5.73,-5.81,1.65
46.797,18.99,-5.73,-6.25,1.38
46.811,21.13,-5.73,-7.25,1.44
46.825,17.61,-5.73,-7.44,1.49
46.841,17.00,-5.73,-7.75,1.70
46.855,15.11,-5.73,-7.69,1.49
46.872,14.28,-5.73,-7.63,1.70
46.885,12.34,-5.73,-7.44,1.44
46.899,10.12,-5.73,-7.19,1.44
46.913,8.68,-5.73,-6.56,1.44
46.928,7.72,-5.73,-6.25,1.49
46.943,6.02,-5.73,-5.56,1.70
46.957,7.52,-5.73,-5.19,1.38
46.987,7.53,-5.73,-4.75,1.44
47.001,9.29,-5.73,-4.69,1.44
47.015,9.50,-5.73,-4.69,1.44
47.045,11.37,-5.73,-4.88,1.49
47.059,12.10,-5.73,-5.19,1.44
47.074,13.71,-5.73,-5.38,1.54
47.090,14.79,-5.73,-5.63,1.65
47.104,16.73,-5.73,-6.19,1.44
47.118,18.45,-5.73,-6.56,1.49
47.134,19.14,-5.73,-7.19,1.65
47.148,18.67,-5.73,-7.44,1.44
47.161,18.18,-5.73,-7.81,1.44
47.175,18.36,-5.73,-7.94,1.49
47.192,17.69,-5.73,-8.13,1.70
47.205,15.88,-5.73,-8.06,1.4447.222,15.54,-5.73,-8.00,1.65
47.236,15.07,5.73,-7.88,1.49
47.249,15.82,5.73,-7.75,1.44
47.263,14.48,5.73,-7.44,1.49
47.277,15.29,5.73,-7.31,1.44
47.294,14.14,5.73,-6.88,1.76
,14.93,5.73,-6.69,1.44
47.324,12.34,5.73,-6.19,1.70
47.351,10.37,5.73,-5.25,1.44
47.365,9.69,5.73,-4.81,1.44
47.381,8.23,5.73,-4.06,1.65
47.396,7.29,5.73,-3.63,1.54
47.409,7.79,5.73,-3.19,1.44
47.425,5.71,5.73,-2.38,1.60
47.440,4.67,5.73,-1.94,1.54
47.454,4.57,5.73,-1.12,1.44
47.467,4.81,5.73,-0.75,1.44
47.484,2.44,5.73,0.00,1.76
47.498,2.47,5.73,0.37,1.38
47.511,4.29,5.73,0.81,1.44
47.526,3.18,5.73,1.06,1.49
47.541,2.96,5.73,1.31,1.65
47.555,2.27,5.73,1.75,1.44
47.571,1.40,5.73,2.25,1.60
47.585,0.68,5.73,2.50,1.54
47.599,0.40,5.73,2.75,1.44
47.613,-1.25,5.73,3.25,1.44
47.627,-1.78,5.73,3.56,1.44
47.643,-3.17,5.73,4.13,1.76
47.657,-3.76,5.73,4.44,1.44
47.674,-4.56,5.73,4.94,1.76
47.701,-7.79,5.73,5.56,1.44
47.715,-9.45,5.73,6.38,1.49
47.730,-11.18,5.73,6.81,1.60
47.746,-13.57,5.73,7.69,1.65
47.759,-12.18,5.73,8.06,1.44
47.775,-12.31,5.73,8.63,1.65
47.804,-9.77,5.73,8.75,1.44
47.817,-8.91,5.73,8.69,1.44
47.834,-7.67,5.73,8.44,1.76
47.848,-6.21,5.73,8.25,1.44
47.861,-4.05,5.73,7.63,1.44
47.876,-3.71,5.73,7.38,1.54
47.892,-0.97,5.73,7.00,1.65
47.906,1.24,5.73,6.13,1.44
47.920,0.45,5.73,5.69,1.60
47.936,1.52,5.73,5.00,1.60
47.949,3.36,5.73,4.56,1.44
47.963,2.26,5.73,3.88,1.44
47.977,0.46,5.73,3.75,1.447.994,0.37,5.73,3.63,1.70
48.007,0.64,5.73,3.50,1.44
48.024,-1.24,5.73,3.50,1.76
48.038,-1.21,5.73,3.56,1.44
48.051,-2.39,5.73,3.63,1.44
48.065,-2.34,5.73,3.75,1.49
48.079,-3.40,5.73,3.88,1.49
48.096,-3.97,5.73,4.19,1.70
48.109,-4.52,5.73,4.31,1.38
48.125,-5.86,5.73,4.69,1.70
48.139,-7.17,5.73,4.94,1.49
48.153,-7.77,5.73,5.44,1.44
48.167,-8.95,5.73,5.69,1.49
48.183,-10.49,5.73,6.19,1.65
48.198,-10.69,5.73,6.44,1.54
48.211,-7.61,5.73,6.50,1.49
48.227,-7.27,5.73,6.56,1.60
48.242,-6.04,5.73,6.50,1.60
48.256,-4.51,5.73,6.25,1.49
48.270,-2.58,5.73,6.06,1.49
48.286,-0.77,5.73,5.50,1.65
48.299,1.33,5.73,5.13,1.44
48.313,4.05,5.73,4.25,1.44
48.328,6.10,5.73,3.75,1.54
48.343,8.26,5.73,2.69,1.70
48.357,6.79,5.73,2.38,1.44
48.373,4.04,5.73,2.00,1.48.387,3.31,5.73,1.94,1.60
48.401,2.34,5.73,1.94,1.48.415,1.62,5.73,2.06,1.44
48.428,0.12,5.73,2.19,1.448.445,-0.83,5.73,2.56,1.70
48.459,-1.40,5.73,2.75,1.44
475,-1.87,5.73,3.13,1.81
48.489,-1.18,5.73,3.25,1.44
48.503,-0.70,5.73,3.44,1.49
48.517,-1.14,5.73,3.63,1.49
48.532,-1.66,5.73,3.75,1.54
48.547,-2.73,5.73,4.00,1.65
48.561,-3.47,5.73,4.19,1.44
48.577,-4.97,5.73,4.63,1.70
48.592,-5.71,5.73,4.88,1.54
48.605,-7.45,5.73,5.38,1.44
48.619,-8.41,5.73,5.69,1.44
48.650,-11.06,5.73,6.81,1.44
48.663,-12.20,5.73,7.50,1.49
48.678,-12.62,5.73,7.81,1.54
48.708,-9.56,5.73,8.19,1.49
48.723,-6.79,5.73,7.94,1.60
48.738,-5.89,5.73,7.75,1.54
48.752,-4.50,5.73,7.50,1.49
48.765,-2.53,5.73,6.88,1.44
48.779,-0.93,5.73,6.50,1.44
48.796,2.30,5.73,5.56,1.76
48.809,5.54,5.73,5.00,1.44
48.826,4.96,5.73,4.06,1.76
48.840,5.66,5.73,3.69,1.49
48.854,2.27,5.73,3.31,1.44
48.867,0.31,5.73,3.19,1.49
48.882,-1.15,5.73,3.25,1.49
48.898,-2.25,5.73,3.50,1.65
48.911,-3.80,5.73,3.63,1.49
48.927,-4.89,5.73,4.13,1.65
48.942,-6.54,5.73,4.44,1.49
48.955,-7.81,5.73,5.06,1.44
48.969,-8.11,5.73,5.38,1.49
48.986,-8.72,5.73,5.88,1.76
49.000,-9.36,5.73,6.19,1.49
49.013,-8.26,5.73,6.56,1.44
49.028,-7.38,5.73,6.69,1.54
49.044,-6.55,5.73,6.69,1.49.057,-4.60,5.73,6.50,1.49
49.072,-3.11,5.73,6.38,1.44
49.088,-2.04,5.73,6.00,1.70
49.101,-0.88,5.73,5.75,1.44
49.129,3.40,5.73,4.69,1.49
49.145,5.77,5.73,3.88,1.65
49.159,6.40,5.73,3.50,1.49
49.174,1.82,5.73,3.19,1.60
49.189,0.43,5.73,3.19,1.60
49.203,0.83,5.73,3.19,1.44
49.216,-0.54,5.73,3.38,1.44
49.230,-2.70,5.73,3.56,1.44
49.247,-4.17,5.73,4.06,1.70
49.260,-5.60,5.73,4.38,1.49
49.277,-7.04,5.73,5.06,1.76
49.291,-6.49,5.73,5.31,1.49
49.305,-8.56,5.73,5.63,49.319,-10.87,5.73,6.38,1.54
49.334,-11.50,5.73,6.75,1.60
49.349,-10.70,5.73,7.38,1.60
49.363,-9.98,5.73,7.50,1.44
49.379,-9.53,5.73,7.81,1.65
49.393,-8.53,5.73,7.81,1.54
49.420,-5.12,5.73,7.50,1.44
49.437,-3.34,5.73,7.00,1.76
49.451,-2.22,5.73,6.75,1.49
49.464,0.68,5.73,6.00,1.44
49.479,2.23,5.73,5.63,1.54
49.495,2.37,5.73,5.19,1.65
49.508,3.02,5.73,4.44,1.44
49.522,3.27,5.73,4.13,1.44
49.552,-1.03,5.73,3.75,1.44
49.580,-2.99,5.73,4.06,1.54
49.596,-4.03,5.73,4.44,1.65
49.610,-4.26,5.73,4.63,1.44
49.625,-7.09,5.73,5.19,1.65
49.640,-8.12,5.73,5.50,1.54
49.653,-9.00,5.73,5.81,1.49
49.667,-11.62,5.73,6.63,1.38
49.681,-12.25,5.73,7.00,1.49
49.698,-14.09,5.73,7.75,1.76
49.711,-12.90,5.73,8.00,1.44
49.728,-10.02,5.73,8.25,1.76
49.742,-9.64,5.73,8.25,1.44
49.756,-7.65,5.73,8.25,1.49
49.770,-5.42,5.73,7.88,1.49
49.784,-3.44,5.73,7.56,49.800,-1.30,5.73,6.88,1.65
49.814,0.19,5.73,6.38,1.44
.829,2.67,5.73,5.50,1.65
49.844,3.62,5.73,5.00,1.54
49.871,2.94,5.73,3.88,1.44
49.902,0.06,5.73,3.50,1.44
49.915,-1.59,5.73,3.69,1.44
49.930,-1.91,5.73,3.81,1.54
49.945,-2.85,5.73,3.94,1.60
49.973,-6.44,5.73,4.63,1.49
49.989,-7.55,5.73,5.19,1.65
50.003,-9.04,5.73,5.56,1.44
50.017,-11.66,5.73,6.31,1.38
50.031,-13.88,5.73,6.81,1.54
50.047,-12.42,5.73,7.44,1.65
50.061,-13.16,5.73,7.75,1.49
50.077,-8.06,5.73,7.75,1.65
50.091,-6.03,5.73,7.63,1.49
50.105,-5.15,5.73,7.44,1.44
50.119,-2.21,5.73,6.81,1.49
50.133,-0.92,5.73,6.44,1.49
50.150,1.86,5.73,5.63,1.70
50.163,3.19,5.73,5.19,1.38
50.179,0.95,5.73,4.63,1.70
50.193,-0.11,5.73,4.50,1.44
50.207,-3.63,5.73,4.50,50.221,-5.26,5.73,4.69,1.49
50.236,-6.40,5.73,4.88,1.60
50.251,-7.86,5.73,5.38,1.54
50.265,-11.21,5.73,5.75,1.44
50.281,-13.45,5.73,6.63,1.70
50.295,-12.92,5.73,7.00,1.54
,-12.42,5.73,7.63,1.44
50.323,-12.11,5.73,7.81,1.44
50.340,-8.53,5.73,7.81,1.76
50.353,-6.47,5.73,7.69,1.44
50.367,-5.22,5.73,7.25,1.44
50.382,-4.21,5.73,7.00,1.54
50.397,-1.67,5.73,6.69,1.65
50.411,0.19,5.73,5.94,1.49
50.426,0.07,5.73,5.56,1.54
50.441,1.79,5.73,4.88,1.60
50.455,2.18,5.73,4.50,1.44
50.469,-1.35,5.73,4.25,1.44
50.483,-3.32,5.73,4.31,1.44
50.513,-7.24,5.73,4.75,1.44
50.529,-8.73,5.73,5.38,1.76
50.543,-10.69,5.73,5.75,1.44
50.557,-12.03,5.73,6.13,1.44
50.571,-14.85,5.73,7.06,1.49
50.585,-14.21,5.73,7.44,1.44
50.601,-9.60,5.73,7.69,1.76
50.615,-8.80,5.73,7.63,1.44
50.645,-3.73,5.73,6.94,1.49
50.658,-2.14,5.73,6.31,1.44
50.672,-0.07,5.73,5.94,1.44
50.702,3.19,5.73,4.56,1.54
50.716,1.92,5.73,4.25,1.44
50.732,1.77,5.73,3.75,1.65
50.746,0.60,5.73,3.69,1.54
50.774,-4.33,5.73,4.06,1.44
50.804,-7.64,5.73,4.81,1.44
50.818,-9.99,5.73,5.44,1.44
50.833,-11.11,5.73,5.88,1.54
50.848,-10.94,5.73,6.25,1.60
50.862,-12.60,5.73,6.88,1.44
50.877,-11.29,5.73,7.19,1.60
50.892,-10.24,5.73,7.50,1.60
50.906,-8.33,5.73,7.50,1.44
50.920,-5.43,5.73,7.19,1.44
50.934,-4.95,5.73,7.00,1.44
50.950,-2.98,5.73,6.50,1.70
50.964,-1.32,5.73,6.19,1.44
50.980,1.35,5.73,5.38,1.70
50.994,0.94,5.73,5.06,1.44
51.007,-0.09,5.73,4.81,1.44
51.022,0.12,5.73,4.44,1.49
51.036,-5.63,5.73,4.38,1.44
51.052,-6.69,5.73,4.81,1.70
51.066,-9.46,5.73,5.13,1.44
51.082,-10.76,5.73,5.81,1.65
51.096,-12.85,5.73,6.25,1.49
51.124,-15.59,5.73,7.63,1.49
51.140,-12.50,5.73,8.13,1.70
51.154,-11.73,5.73,8.19,1.49
51.168,-9.36,5.73,8.06,1.49
51.183,-8.37,5.73,7.94,1.54
51.198,-7.18,5.73,7.75,1.60
51.212,-6.18,5.73,7.38,1.44
51.226,-4.32,5.73,7.13,1.49
51.256,-1.92,5.73,6.13,1.44
51.270,1.18,5.73,5.25,1.44
51.284,1.89,5.73,4.81,1.49
51.300,1.53,5.73,4.13,1.65
51.314,0.89,5.73,3.94,1.49
51.329,-0.23,5.73,3.63,1.65
51.344,-3.08,5.73,3.75,1.54
51.358,-4.85,5.73,3.94,1.38
51.372,-6.59,5.73,4.38,1.49
51.385,-7.99,5.73,4.63,1.44
51.402,-10.18,5.73,5.31,1.76
51.416,-11.96,5.73,5.75,1.44
51.432,-15.10,5.73,6.69,1.70
51.446,-15.74,5.73,7.19,1.44
51.460,-12.10,5.73,7.50,1.44
51.474,-10.44,5.73,7.69,1.49
51.504,-6.37,5.73,7.44,1.60
51.518,-5.66,5.73,7.19,1.51.533,-3.87,5.73,6.69,1.65
51.548,-1.94,5.73,6.31,1.54
51.562,-0.86,5.73,5.69,1.38
51.575,1.41,5.73,5.25,1.44
51.606,-0.02,5.73,4.38,1.44
51.620,-2.38,5.73,4.13,1.44
51.634,-4.53,5.73,4.19,1.60
51.650,-6.44,5.73,4.38,1.60
51.664,-9.13,5.73,4.88,1.49
51.679,-11.65,5.73,5.31,1.54
51.694,-13.89,5.73,6.19,1.60
51.708,-15.70,5.73,6.75,1.44
51.721,-16.88,5.73,7.69,1.44
51.735,-16.68,5.73,8.06,1.44
52,-13.09,5.73,8.31,1.76
51.766,-11.17,5.73,8.31,1.44
51.796,-6.85,5.73,7.75,1.49
51.810,-4.31,5.73,7.44,1.44
51.824,-1.21,5.73,6.56,1.49
51.839,-1.00,5.73,6.00,1.54
51.854,-0.60,5.73,5.25,1.60
51.868,0.87,5.73,4.81,1.44
51.884,0.43,5.73,4.19,1.65
51.898,0.19,5.73,3.94,1.49
51.911,-1.98,5.73,3.81,1.38
51.926,-2.61,5.73,3.81,1.49
51.956,-4.97,5.73,4.13,1.49
51.970,-6.99,5.73,4.56,151.985,-8.25,5.73,4.81,1.60
52.000,-9.31,5.73,5.13,1.54
52.014,-12.55,5.73,5.88,1.44
52.028,-13.71,5.73,6.31,1.49
52.044,-16.22,5.73,7.19,1.70
52.058,-15.93,5.73,7.63,1.38
52.086,-12.13,5.73,8.06,1.49
52.102,-9.91,5.73,8.00,1.70
52.116,-10.13,5.73,7.94,1.49
52.132,-7.29,5.73,7.56,1.70
52.146,-6.59,5.73,7.31,1.49
52.160,-5.95,5.73,7.06,1.44
52.174,-6.05,5.73,6.69,1.44
52.187,-4.41,5.73,6.44,1.44
52.204,-2.15,5.73,5.81,1.70
52.218,-1.86,5.73,5.50,1.44
52.234,-2.37,5.73,5.00,1.76
52.248,-0.68,-5.73,4.69,1.44
52.261,-2.40,-5.73,4.25,1.44
52.275,-4.02,-5.73,4.19,1.49
52.291,-6.78,-5.73,4.25,1.60
52.305,-7.51,-5.73,4.31,1.60
52.335,-9.71,-5.73,4.63,1.60
52.349,-10.68,-5.73,4.81,1.54
52.363,-12.20,-5.73,5.13,1.38
52.377,-13.08,-5.73,5.25,1.44
52.394,-9.92,-5.73,5.31,1.81
52.407,-9.40,-5.73,5.19,1.44
52.421,-5.87,-5.73,4.69,1.44
52.436,-4.19,-5.73,4.25,1.60
52.452,-1.01,-5.73,3.75,1.65
52.465,1.93,-5.73,2.56,1.44
52.480,4.19,-5.73,1.81,1.54
52.496,5.48,-5.73,0.50,1.60
52.509,7.12,-5.73,-0.12,1.44
52.523,9.66,-5.73,-1.50,1.44
52.537,8.50,-5.73,-2.00,1.44
52.553,8.06,-5.73,-2.69,1.70
52.583,6.81,-5.73,-3.56,1.76
52.597,7.35,-5.73,-3.75,52.611,6.51,-5.73,-3.94,1.44
52.625,8.14,-5.73,-4.31,1.44
52.639,8.73,-5.73,-4.50,1.49
52.655,9.95,-5.73,-4.94,1.70
52.669,10.58,-5.73,-5.13,1.38
52.685,13.04,-5.73,-5.75,1.70
52.699,14.21,-5.73,-6.06,1.49
52.713,16.98,-5.73,-6.81,1.44
52.743,20.03,-5.73,-8.13,1.70
52.758,20.43,-5.73,-8.50,1.54
52.771,18.28,-5.73,-8.88,1.44
52.786,17.32,-5.73,-8.94,1.60
52.802,16.35,-5.73,-8.94,1.60
52.830,11.84,-5.73,-8.44,1.54
52.845,9.85,-5.73,-7.81,1.65
52.859,8.60,-5.73,-7.44,1.44
52.873,5.89,-5.73,-6.56,1.44
52.887,5.18,-5.73,-6.13,1.49
52.903,4.67,-5.73,-5.25,1.65
52.917,4.21,-5.73,-4.88,1.44
52.932,4.92,-5.73,-4.25,1.65
52.947,5.66,-5.73,-4.06,1.54
52.961,6.53,-5.73,-4.00,1.38
52.974,9.87,-5.73,-4.13,1.44
52.988,10.36,-5.73,-4.25,1.38
53.005,11.86,-5.73,-4.50,1.81
53.019,12.50,-5.73,-4.69,1.44
.035,15.53,-5.73,-5.25,1.70
53.049,16.09,-5.73,-5.56,1.44
53.063,16.21,-5.73,-5.88,1.44
53.077,16.73,-5.73,-6.38,1.44
53.107,11.30,-5.73,-6.31,1.65
53.121,9.38,-5.73,-6.13,1.38
53.136,8.14,-5.73,-5.63,1.65
53.151,7.60,-5.73,-5.38,1.54
53.165,3.93,-5.73,-4.63,1.44
53.179,3.47,-5.73,-4.25,1.44
53.195,0.75,-5.73,-3.38,1.76
53.209,1.62,-5.73,-3.00,1.44
53.223,-0.10,-5.73,-2.31,1.38
53.238,0.33,-5.73,-2.06,1.54
53.253,2.46,-5.73,-1.75,1.65
53.267,3.58,-5.73,-1.75,1.49
53.283,6.46,-5.73,-2.00,1.54
53.297,7.71,-5.73,-2.25,1.54
53.311,8.44,-5.73,-2.50,1.44
53.325,11.61,-5.73,-3.19,1.44
53.339,11.68,-5.73,-3.50,1.38
53.355,13.50,-5.73,-4.38,1.76
53.369,13.26,-5.73,-4.69,1.44
53.386,13.85,-5.73,-5.19,1.76
53.400,14.07,-5.73,-5.44,1.44
53.413,13.77,-5.73,-5.69,1.44
53.443,10.46,-5.73,-5.88,1.60
53.458,9.29,-5.73,-5.75,1.54
53.472,9.37,-5.73,-5.69,1.44
53.487,7.98,-5.73,-5.44,1.60
53.502,6.89,-5.73,-5.19,1.54
53.515,5.54,-5.73,-4.81,1.44
53.529,5.21,-5.73,-4.56,1.44
53.546,3.20,-5.73,-4.00,1.70
53.559,3.77,-5.73,-3.81,1.44
53.573,4.58,-5.73,-3.56,1.4453.588,4.64,-5.73,-3.44,1.54
53.603,7.62,-5.73,-3.44,1.60
53.617,8.80,-5.73,-3.75,1.44
53.632,10.51,-5.73,-3.88,1.49
,12.26,-5.73,-4.44,1.60
53.661,13.21,-5.73,-4.75,1.44
53.675,15.34,-5.73,-5.50,1.44
53.689,17.17,-5.73,-5.94,1.44
53.705,18.83,-5.73,-6.75,1.70
53.719,18.66,-5.73,-7.13,1.49
53.736,16.37,-5.73,-7.50,1.76
53.750,14.94,-5.73,-7.56,1.38
53.777,14.53,-5.73,-7.56,1.44
53.808,13.46,-5.73,-7.38,1.70
53.821,12.76,-5.73,-7.25,1.44
53.837,11.14,-5.73,-6.94,1.65
53.851,11.19,-5.73,-6.81,1.44
53.865,10.18,-5.73,-6.44,1.44
53.879,10.64,-5.73,-6.31,1.44
53.895,10.29,-5.73,-6.06,1.65
53.909,9.77,-5.73,-5.88,1.49
53.923,9.49,-5.73,-5.75,1.44
53.938,8.61,-5.73,-5.44,1.60
53.953,8.33,-5.73,-5.25,1.49
53.967,8.05,-5.73,-4.94,1.44
53.981,7.26,-5.73,-4.75,1.44
53.997,6.67,-5.73,-4.38,1.70
54.011,6.40,-5.73,-4.25,1.38
54.025,6.24,-5.73,-4.00,1.44
54.039,5.83,-5.73,-3.88,1.49
54.055,6.67,-5.73,-3.81,1.60
54.069,7.58,-5.73,-3.75,1.44
54.084,8.85,-5.73,-3.88,1.54
54.113,11.01,-5.73,-4.19,1.38
54.126,13.90,-5.73,-4.81,1.44
54.140,15.20,-5.73,-5.13,1.44
54.157,18.17,-5.73,-6.00,1.70
54.171,20.05,-5.73,-6.50,1.38
54.187,23.60,-5.73,-7.63,1.76
54.201,22.48,-5.73,-8.06,1.44
54.215,19.20,-5.73,-8.31,1.44
54.229,19.61,-5.73,-8.63,1.49
54.244,16.79,-5.73,-8.63,1.54
54.259,16.64,-5.73,-8.50,1.54
54.273,13.38,-5.73,-8.38,1.44
54.289,12.69,-5.73,-7.88,1.65
54.304,11.90,-5.73,-7.63,1.54
54.318,8.97,-5.73,-6.94,1.44
54.331,7.75,-5.73,-6.50,1.44
54.348,6.47,-5.73,-5.63,1.70
54.362,9.03,-5.73,-5.44,1.38
54.375,7.47,-5.73,-5.00,1.44
54.390,8.31,-5.73,-4.81,1.49
54.406,10.84,-5.73,-4.81,1.65
54.420,10.72,-5.73,-4.81,1.38
54.435,12.50,-5.73,-4.94,1.60
54.450,13.34,-5.73,-5.13,1.54
54.463,14.19,-5.73,-5.31,1.38
54.477,16.14,-5.73,-5.75,1.38
54.491,17.79,-5.73,-6.06,1.44
54.508,19.83,-5.73,-6.75,1.76
54.521,19.98,-5.73,-7.06,154.538,17.54,-5.73,-7.38,1.70
54.552,16.52,-5.73,-7.44,1.44
54.565,17.30,-5.73,-7.44,1.44
54.579,16.16,-5.73,-7.50,1.44
54.594,15.58,-5.73,-7.44,1.54
54.610,15.13,-5.73,-7.31,1.60
54.623,14.48,-5.73,-7.25,1.44
54.639,13.62,-5.73,-7.00,1.65
54.654,13.57,-5.73,-6.88,1.49
54.667,11.48,-5.73,-6.44,1.44
54.681,11.36,-5.73,-6.25,1.44
54.697,9.48,-5.73,-5.75,1.70
54.712,8.19,-5.73,-5.44,1.44
54.725,8.47,-5.73,-5.00,1.38
54.740,8.27,-5.73,-4.75,1.60
54.755,6.86,-5.73,-4.50,1.54
54.783,7.45,-5.73,-3.81,1.49
54.813,6.80,-5.73,-3.44,1.44
54.827,5.91,-5.73,-3.19,1.44
54.841,7.12,-5.73,-3.19,1.49
54.857,7.92,-5.73,-3.19,1.65
54.870,8.40,-5.73,-3.25,1.38
54.885,10.47,-5.73,-3.50,1.5454.900,11.89,-5.73,-3.75,1.54
54.914,12.46,-5.73,-4.00,1.44
54.928,15.06,-5.73,-4.63,1.44
54.942,16.20,-5.73,-5.00,1.49
54.958,19.62,-5.73,-5.94,1.70
54.972,21.38,-5.73,-6.44,1.44
54.988,20.59,-5.73,-7.25,1.76
55.002,20.19,-5.73,-7.56,1.44
55.016,16.72,-5.73,-7.69,1.44
55.030,16.38,-5.73,-7.75,1.49
55.044,13.97,-5.73,-7.69,1.49
55.060,12.01,-5.73,-7.31,1.65
55.074,10.25,-5.73,-7.00,1.44
55.090,8.00,-5.73,-6.31,1.70
55.118,4.34,-5.73,-5.06,1.44
55.147,5.96,-5.73,-4.06,1.65
55.162,4.61,-5.73,-3.81,1.54
55.176,6.32,-5.73,-3.63,1.38
55.191,8.23,-5.73,-3.50,1.60
55.206,10.20,-5.73,-3.63,1.60
55.220,12.99,-5.73,-4.13,1.44
55.234,14.43,-5.73,-4.44,1.44
55.250,17.86,-5.73,-5.25,1.70
55.264,20.48,-5.73,-5.81,1.44
55.277,23.02,-5.73,-6.88,1.4455.292,22.83,-5.73,-7.38,1.54
55.308,19.04,-5.73,-7.69,1.70
55.322,20.04,-5.73,-8.13,1.49
55.337,14.86,-5.73,-8.00,1.65
55.352,12.04,-5.73,-7.69,1.49
55.366,8.53,-5.73,-7.25,1.44
55.393,2.86,-5.73,-5.69,1.44
55.424,0.52,-5.73,-3.88,1.44
55.440,2.98,-5.73,-3.19,1.70
55.454,4.96,-5.73,-3.06,1.44
55.468,9.95,-5.73,-3.13,1.44
55.482,11.28,-5.73,-3.56,1.44
55.496,14.59,-5.73,-3.94,1.54
55.512,17.71,-5.73,-4.81,1.54
55.541,21.01,-5.73,-6.56,1.60
55.570,15.63,-5.73,-7.25,1.44
55.583,13.01,-5.73,-7.13,1.44
55.600,9.67,-5.73,-6.69,1.76
55.614,7.82,-5.73,-6.38,1.44
55.628,3.31,-5.73,-5.38,1.44
55.642,0.13,-5.73,-4.75,1.54
.658,8.04,-5.73,-4.50,1.60
55.672,6.67,-5.73,-4.25,1.44
55.686,7.05,-5.73,-4.06,1.49
55.702,11.77,-5.73,-4.19,1.60
55.716,13.65,-5.73,-4.44,1.44
55.729,14.82,-5.73,-5.00,1.38
55.743,17.29,-5.73,-5.44,1.49
55.760,16.84,-5.73,-6.19,1.70
55.773,16.07,-5.73,-6.38,1.44
55.790,14.26,-5.73,-6.56,1.70
55.804,12.69,-5.73,-6.50,1.44
55.817,10.87,-5.73,-6.38,1.38
55.846,8.91,-5.73,-5.94,1.49
55.875,7.24,-5.73,-5.25,1.44
55.891,5.50,-5.73,-4.75,1.70
55.905,5.54,-5.73,-4.56,1.44
55.919,5.74,-5.73,-4.19,1.44
55.933,6.76,-5.73,-4.06,1.49
55.949,5.92,-5.73,-3.81,1.65
55.977,8.47,-5.73,-3.81,1.44
55.992,9.25,-5.73,-4.00,1.54
56.007,10.15,-5.73,-4.13,1.54
56.021,11.49,-5.73,-4.50,1.44
56.035,12.36,-5.73,-4.75,1.44
56.051,14.53,-5.73,-5.31,1.76
56.065,15.71,-5.73,-5.63,1.44
56.079,15.45,-5.73,-6.25,1.44
56.094,14.96,-5.73,-6.44,1.54
56.109,13.20,-5.73,-6.63,1.65
56.123,12.57,-5.73,-6.63,1.44
56.154,10.76,-5.73,-6.44,1.54
56.181,9.90,-5.73,-6.13,1.44
56.195,8.42,-5.73,-5.94,1.44
56.212,7.31,-5.73,-5.56,1.76
56.226,7.31,-5.73,-5.38,1.38
56.242,5.33,-5.73,-4.88,1.76
56.256,5.25,-5.73,-4.63,1.44
56.269,5.16,-5.73,-4.25,1.38
56.283,5.45,-5.73,-4.13,1.44
56.298,8.10,-5.73,-4.13,1.54
56.314,8.46,-5.73,-4.19,1.54
56.327,10.70,-5.73,-4.31,1.44
56.343,11.94,-5.73,-4.75,1.60
56.358,12.41,-5.73,-4.94,1.49
56.371,14.45,-5.73,-5.50,1.44
56.402,17.09,-5.73,-6.50,1.76
56.416,16.17,-5.73,-6.75,1.38
56.429,13.64,-5.73,-6.94,1.44
56.444,12.83,-5.73,-6.94,1.54
56.460,11.17,-5.73,-6.88,1.60
56.474,10.97,-5.73,-6.69,1.44
56.489,8.49,-5.73,-6.31,1.60
56.504,7.56,-5.73,-6.06,1.49
56.518,7.57,-5.73,-5.81,1.44
56.531,6.00,-5.73,-5.38,1.44
56.545,5.34,-5.73,-5.13,1.44
56.562,5.35,-5.73,-4.63,1.70
56.575,5.75,-5.73,-4.50,1.38
56.592,6.35,-5.73,-4.31,1.70
56.619,7.93,-5.73,-4.19,1.38
56.647,10.10,-5.73,-4.56,1.49
56.663,11.29,-5.73,-4.88,1.65
56.677,12.96,-5.73,-5.06,1.38
56.693,14.37,-5.73,-5.63,1.70
56.707,15.47,-5.73,-5.94,1.44
56.735,15.52,-5.73,-6.81,1.49
56.751,13.31,-5.73,-7.00,1.65
56.766,12.96,-5.73,-7.00,1.49
56.779,10.45,-5.73,-6.94,1.44
56.794,10.09,-5.73,-6.69,1.60
56.810,9.60,-5.73,-6.56,1.54
56.823,7.71,-5.73,-6.13,1.44
56.838,7.50,-5.73,-5.88,1.49
56.854,6.21,-5.73,-5.44,1.65
56.867,4.19,-5.73,-5.13,1.4456.881,4.04,-5.73,-4.50,1.44
56.895,5.16,-5.73,-4.38,1.49
56.911,4.48,-5.73,-4.00,1.65
56.925,4.89,-5.73,-3.88,1.44
56.941,5.86,-5.73,-3.75,1.60
56.955,6.90,-5.73,-3.81,1.49
56.969,7.36,-5.73,-3.88,1.44
56.983,8.19,-5.73,-4.06,1.44
56.996,8.97,-5.73,-4.19,1.44
57.013,10.68,-5.73,-4.56,1.76
57.043,13.54,-5.73,-5.31,1.70
57.057,13.53,-5.73,-5.56,1.44
57.071,15.09,-5.73,-5.88,1.44
57.085,16.70,-5.73,-6.56,1.38
57.100,12.91,-5.73,-6.88,1.60
57.115,13.73,-5.73,-7.00,1.54
57.129,11.45,-5.73,-7.06,1.44
57.145,10.58,-5.73,-6.88,1.65
57.159,10.64,-5.73,-6.81,1.54
57.173,9.38,-5.73,-6.50,1.4457.187,8.25,-5.73,-6.31,1.38
57.204,7.25,-5.73,-5.88,1.7657.217,5.87,-5.73,-5.63,1.44
57.231,4.50,-5.73,-5.13,1.38
57.246,3.55,-5.73,-4.81,1.54
57.261,4.54,5.73,-4.31,1.60
57.275,5.30,5.73,-4.19,1.44
57.290,7.67,5.73,-4.13,1.54
57.305,10.24,5.73,-4.19,1.54
57.319,11.13,5.73,-4.31,1.38
57.347,14.73,5.73,-4.94,1.44
57.363,17.09,5.73,-5.44,1.6557.377,18.57,5.73,-5.75,1.44
57.393,17.21,5.73,-6.19,1.7057.407,15.33,5.73,-6.13,1.38
57.421,14.70,5.73,-6.06,1.44
35,9.88,5.73,-5.50,1.44
57.449,8.14,5.73,-5.06,1.44
57.479,3.24,5.73,-3.44,1.44
57.509,-3.62,5.73,-1.19,1.44
57.537,-2.68,5.73,0.63,1.49
57.553,-2.67,5.73,1.56,1.65
57.567,-1.03,5.73,1.81,1.49
57.581,-1.45,5.73,2.13,1.38
57.596,-1.97,5.73,2.63,1.54
57.611,-2.88,5.73,2.94,1.60
57.639,-6.24,5.73,3.88,1.44
57.669,-10.69,5.73,5.13,1.38
57.683,-14.59,5.73,6.25,1.44
57.697,-17.65,5.73,6.94,1.49
57.713,-17.79,5.73,8.13,1.60
57.727,-17.48,5.73,8.56,1.44
57.743,-14.76,5.73,9.06,1.65
57.757,-14.20,5.73,9.13,1.49
57.771,-12.74,5.73,9.13,1.44
57.785,-9.54,5.73,8.81,1.49
57.799,-8.73,5.73,8.56,1.38
57.815,-6.31,5.73,7.94,1.76
57.829,-5.70,5.73,7.63,1.38
57.859,-8.02,5.73,7.06,1.38
57.873,-7.79,5.73,6.88,1.44
57.887,-7.46,5.73,6.63,1.44
57.902,-8.97,5.73,6.50,1.54
57.917,-8.99,5.73,6.44,1.54
57.931,-9.64,5.73,6.44,1.44
57.946,-9.28,5.73,6.38,1.60
57.961,-8.87,5.73,6.31,1.54
57.988,-9.24,5.73,6.25,1.38
58.018,-1.56,5.73,5.69,1.44
58.032,-1.33,5.73,5.00,1.38
58.047,0.33,5.73,4.56,1.49
58.062,3.45,5.73,3.94,1.54
58.076,2.50,5.73,3.06,1.44
58.090,1.06,5.73,2.81,1.44
58.106,-0.22,5.73,2.44,1.65
58.120,-1.25,5.73,2.38,1.44
58.133,-4.36,5.73,2.63,1.38
58.148,-4.83,5.73,2.81,1.49
58.164,-6.54,5.73,3.00,1.60
58.177,-7.87,5.73,3.50,1.38
58.192,-10.79,5.73,4.19,1.54
58.207,-12.07,5.73,4.63,1.54
58.221,-11.26,5.73,4.94,1.38
58.235,-9.79,5.73,5.31,1.44
58.249,-9.39,5.73,5.44,1.38
58.265,-7.06,5.73,5.44,1.76
58.279,-6.14,5.73,5.38,1.38
58.295,-3.27,5.73,5.00,1.70
58.309,0.55,5.73,4.56,1.38
58.322,2.97,5.73,4.13,1.44
58.336,5.13,5.73,3.06,1.44
58.351,5.03,5.73,2.56,1.4458.367,6.74,5.73,1.69,1.70
58.380,6.05,5.73,1.37,1.38
58.397,0.40,5.73,1.37,1.65
58.410,0.35,5.73,1.44,1.44
58.424,-3.64,5.73,1.81,1.44
58.438,-3.42,5.73,2.06,1.44
58.454,-6.62,5.73,2.75,1.65
58.469,-8.67,5.73,3.25,1.49
58.482,-8.55,5.73,3.69,1.44
58.498,-8.69,5.73,4.44,1.54
58.512,-10.40,5.73,4.81,1.54
58.526,-11.21,5.73,5.56,1.44
58.540,-11.36,5.73,5.88,1.38
58.557,-9.50,5.73,6.19,1.76
58.570,-9.22,5.73,6.31,1.38
58.584,-8.38,5.73,6.44,1.44
58.599,-7.36,5.73,6.38,1.54
58.628,-4.76,5.73,5.94,1.44
58.644,-3.30,5.73,5.56,158.658,-2.14,5.73,5.31,1.54
58.672,-1.40,5.73,5.06,1.38
58.686,-0.08,5.73,4.50,1.44
58.700,0.01,5.73,4.25,1.44
58.730,-0.39,5.73,3.69,1.44
58.760,-2.10,5.73,3.63,1.44
58.774,-4.54,5.73,3.75,1.44
58.788,-5.59,5.73,4.06,1.44
58.802,-7.33,5.73,4.31,1.49
58.818,-8.67,5.73,4.81,1.65
58.832,-10.92,5.73,5.19,1.38
58.848,-13.62,5.73,6.00,1.65
58.862,-15.60,5.73,6.50,1.49
58.876,-14.92,5.73,7.31,1.38
58.890,-14.06,5.73,7.56,1.49
58.906,-13.66,5.73,7.94,1.65
58.920,-13.63,5.73,8.13,1.49
58.934,-9.96,5.73,8.00,1.44
58.949,-9.75,5.73,7.88,1.60
58.978,-8.14,5.73,7.44,1.38
58.992,-6.47,5.73,7.25,1.49
59.008,-6.26,5.73,6.81,1.65
59.022,-6.87,5.73,6.63,1.44
59.035,-3.54,5.73,6.06,1.38
59.050,-3.79,5.73,5.81,1.49
59.065,-1.69,5.73,5.13,1.65
59.079,-0.55,5.73,4.81,1.44
59.094,-0.03,5.73,4.19,1.60
59.109,-0.77,5.73,4.00,1.60
59.123,-0.39,5.73,3.81,1.38
59.137,-1.25,5.73,3.50,1.44
59.150,-2.76,5.73,3.50,1.38
59.167,-3.60,5.73,3.56,1.76
59.181,-4.78,5.73,3.69,1.38
59.198,-5.41,5.73,3.94,1.76
59.211,-6.68,5.73,4.13,1.44
59.225,-8.06,5.73,4.44,1.38
59.239,-9.93,5.73,5.00,1.49
59.254,-12.49,5.73,5.38,1.54
59.269,-13.86,5.73,6.19,1.60
59.283,-13.98,5.73,6.56,1.44
59.299,-14.80,5.73,7.25,1.60
59.314,-14.10,5.73,7.50,159.327,-12.20,5.73,7.75,1.38
59.341,-10.83,5.73,7.69,1.44
59.358,-9.76,5.73,7.56,1.76
59.371,-9.36,5.73,7.50,1.44
59.385,-6.97,5.73,7.13,1.38
59.400,-6.99,5.73,6.94,1.54
59.415,-5.23,5.73,6.69,1.65
59.429,-3.95,5.73,6.13,1.44
59.459,-0.30,5.73,5.06,1.60
59.473,1.30,5.73,4.63,1.44
59.487,0.52,5.73,4.00,1.38
59.501,1.21,5.73,3.69,1.49
59.517,1.31,5.73,3.13,1.70
59.531,-0.76,5.73,3.06,1.49
59.561,-2.98,5.73,3.13,1.49
59.575,-4.90,5.73,3.31,1.44
59.589,-6.70,5.73,3.81,1.44
59.602,-6.89,5.73,4.00,1.44
59.619,-9.79,5.73,4.69,1.76
59.633,-11.26,5.73,5.06,1.44
59.649,-14.84,5.73,6.06,1.70
59.663,-15.91,5.73,6.56,1.44
59.677,-14.64,5.73,7.31,1.44
59.691,-12.73,5.73,7.50,1.49
59.706,-12.08,5.73,7.69,1.60
59.721,-11.17,5.73,7.69,1.60
59.734,-8.24,5.73,7.63,1.44
59.750,-7.23,5.73,7.25,1.65
59.765,-6.77,5.73,7.06,159.778,-3.34,5.73,6.50,1.44
59.792,-2.40,5.73,6.13,1.44
59.809,-0.82,5.73,5.44,1.76
59.823,1.45,5.73,4.94,1.44
59.836,1.91,5.73,4.19,1.44
59.851,-0.06,5.73,3.94,1.54
59.867,0.59,5.73,3.75,1.65
59.881,-0.70,5.73,3.38,1.44
59.895,-4.17,5.73,3.44,1.60
59.911,-5.30,5.73,3.75,1.60
59.924,-6.53,5.73,3.94,1.59.938,-7.97,5.73,4.44,1.38
59.952,-9.56,5.73,4.81,1.49
59.969,-13.63,5.73,5.63,1.70
59.982,-13.92,5.73,6.06,1.44
9.999,-13.47,5.73,6.75,1.76
60.013,-12.49,5.73,7.00,1.44
60.041,-11.38,5.73,7.38,1.54
60.071,-5.86,5.73,7.00,1.65
60.085,-4.75,5.73,6.81,1.38
60.101,-3.01,5.73,6.25,1.65
60.115,-1.98,5.73,5.88,1.49
60.129,1.40,5.73,5.06,1.44
60.143,1.87,5.73,4.63,1.44
60.159,2.29,5.73,3.81,1.76
60.173,2.15,5.73,3.56,1.44
60.187,0.73,5.73,3.13,1.44
60.202,-0.22,5.73,3.06,1.54
60.217,-1.99,5.73,3.06,1.65
60.231,-3.41,5.73,3.25,1.44
60.246,-4.40,5.73,3.44,1.54
60.261,-4.84,5.73,3.75,1.54
60.275,-5.96,5.73,4.00,1.44
60.289,-8.64,5.73,4.63,1.44
60.303,-9.28,5.73,4.94,1.49
60.319,-12.54,5.73,5.75,1.65
60.333,-12.93,5.73,6.19,1.44
60.349,-15.00,5.73,7.06,1.70
60.363,-15.73,5.73,7.50,1.49
60.377,-15.71,5.73,7.81,1.44
60.391,-12.05,5.73,8.13,1.49
60.405,-10.68,5.73,8.13,1.44
60.421,-10.47,5.73,8.06,1.70
60.435,-9.16,5.73,7.94,160.451,-6.15,5.73,7.50,1.70
60.465,-5.47,5.73,7.25,1.49
60.479,-2.48,5.73,6.56,1.44
60.493,-2.08,5.73,6.19,1.49
60.508,-0.56,5.73,5.50,1.60
60.523,1.56,5.73,5.00,1.54
60.537,0.30,5.73,4.56,1.44
60.552,0.57,5.73,4.00,1.60
60.567,0.25,5.73,3.81,1.54
60.581,-1.47,5.73,3.69,1.44
60.594,-2.85,5.73,3.75,1.44
60.611,-5.24,5.73,3.94,1.70
60.624,-5.83,5.73,4.13,1.44
60.638,-7.37,5.73,4.50,1.44
60.653,-8.65,5.73,4.81,1.54
60.669,-11.20,5.73,5.13,1.60
60.682,-12.90,5.73,6.00,1.44
60.713,-10.36,5.73,6.81,1.54
60.726,-9.39,5.73,6.88,1.44
60.740,-6.85,5.73,6.75,1.38
60.770,-3.45,5.73,6.19,1.70
60.784,-2.35,5.73,5.94,1.38
60.801,0.57,5.73,5.25,1.76
60.814,1.11,5.73,4.88,1.38
60.842,1.62,5.73,4.06,1.44
60.856,-2.38,5.73,3.81,1.44
60.872,-4.75,5.73,4.00,1.65
60.886,-4.75,5.73,4.06,1.4460.902,-7.43,5.73,4.50,1.60
60.916,-8.61,5.73,4.81,1.44
60.929,-10.41,5.73,5.44,1.38
60.944,-12.38,5.73,5.81,1.49
60.960,-11.72,5.73,6.50,1.65
60.974,-9.42,5.73,6.63,1.49
60.988,-7.87,5.73,6.69,1.38
61.003,-6.55,5.73,6.63,1.60
61.018,-4.97,5.73,6.50,1.54
61.032,-3.99,5.73,6.19,1.44
61.046,-2.51,5.73,5.94,1.38
61.062,0.37,5.73,5.31,1.70
61.076,1.15,5.73,4.94,1.3861.090,1.88,5.73,4.38,1.44
61.104,1.80,5.73,4.13,1.49
61.120,-1.58,5.73,3.88,1.60
61.133,-4.09,5.73,4.00,1.44
61.149,-5.57,5.73,4.31,1.60
61.164,-7.73,5.73,4.56,1.54
61.177,-8.23,5.73,4.88,61.191,-12.47,5.73,5.69,1.44
61.222,-4.90,5.73,6.06,1.70
61.235,-4.39,5.73,6.00,1.3861.252,-3.36,5.73,5.75,1.76
61.266,1.52,5.73,5.38,1.38
,4.03,5.73,4.94,1.44
61.293,2.61,5.73,4.19,1.44
61.324,-0.64,5.73,3.56,1.60
61.337,-6.21,5.73,3.81,1.38
61.353,-7.35,5.73,4.50,1.60
61.368,-9.05,5.73,4.88,1.49
61.381,-11.74,5.73,5.75,1.38
61.395,-12.72,5.73,6.25,1.44
61.412,-12.28,5.73,6.94,1.76
61.426,-11.63,5.73,7.19,1.38
61.439,-8.46,5.73,7.31,1.44
61.454,-7.52,5.73,7.31,1.54
61.470,-6.03,5.73,7.19,1.60
61.484,-4.45,5.73,6.81,1.44
61.498,-2.95,5.73,6.63,1.49
61.514,-1.26,5.73,6.06,1.60
61.527,-0.25,5.73,5.75,1.38
61.541,-0.10,5.73,5.13,1.44
61.555,-0.19,5.73,4.94,1.44
61.572,-1.26,5.73,4.69,1.70
61.586,-2.84,5.73,4.63,1.44
61.602,-3.64,5.73,4.69,1.70
61.616,-4.32,5.73,4.75,1.44
61.629,-4.87,5.73,4.88,1.38
61.644,-5.46,5.73,5.06,1.49
61.658,-7.03,5.73,5.25,1.44
61.674,-7.70,5.73,5.63,1.65
61.688,-8.79,5.73,5.81,1.44
61.704,-9.24,5.73,6.25,1.65
61.718,-9.97,5.73,6.50,1.44
61.731,-9.12,5.73,6.81,1.44
61.746,-8.81,5.73,6.88,1.49
61.762,-7.02,5.73,6.88,1.65
61.776,-6.41,5.73,6.81,1.49
61.790,-5.49,5.73,6.75,1.44
61.805,-5.04,5.73,6.56,1.60
61.820,-4.84,5.73,6.44,1.54
61.834,-3.05,5.73,6.06,1.44
61.848,-2.33,5.73,5.88,1.38
61.864,-1.07,5.73,5.38,1.70
61.878,-0.05,5.73,5.13,1.44
61.891,2.33,5.73,4.50,1.44
61.906,2.16,5.73,4.19,1.49
61.922,1.97,5.73,3.75,1.65
61.936,1.63,5.73,3.56,1.44
61.951,0.30,5.73,3.50,1.60
61.966,1.05,5.73,3.38,1.54
61.980,2.69,5.73,3.25,1.3861.993,4.03,5.73,2.88,1.44
62.007,1.65,5.73,2.88,1.362.024,1.65,5.73,2.88,1.76
62.038,0.93,5.73,2.94,1.38
62.054,0.51,5.73,3.06,1.70
62.068,0.33,5.73,3.13,1.44
62.081,-0.23,5.73,3.19,1.38
62.095,-0.53,5.73,3.44,1.49
62.111,-1.73,5.73,3.56,1.54
62.126,-2.71,5.73,4.00,1.60
62.139,-4.29,5.73,4.19,1.38
62.170,-6.77,5.73,5.13,1.49
62.183,-9.08,5.73,5.88,1.38
62.197,-11.17,5.73,6.31,1.44
62.214,-13.60,5.73,7.31,1.70
62.228,-13.85,5.73,7.75,1.49
62.256,-11.35,5.73,8.56,1.54
62.272,-9.78,-5.73,8.69,1.60
62.286,-9.31,-5.73,8.63,1.49
62.301,-9.07,-5.73,8.50,1.54
62.316,-9.01,-5.73,8.31,1.60
62.329,-8.64,-5.73,8.13,1.38
62.343,-7.80,-5.73,7.75,1.44
62.357,-7.33,-5.73,7.50,1.44
62.387,-5.38,-5.73,6.63,1.44
62.418,-1.99,-5.73,5.31,1.44
62.431,-0.02,-5.73,4.81,1.44
62.445,2.77,-5.73,3.69,1.44
62.460,7.16,-5.73,2.94,1.49
62.476,6.31,-5.73,1.56,1.70
62.489,4.08,-5.73,0.94,1.44
62.505,3.53,-5.73,0.25,1.65
62.519,2.27,-5.73,0.06,1.49
62.533,1.76,-5.73,-0.31,1.38
62.547,2.45,-5.73,-0.50,1.49
62.563,2.68,-5.73,-0.81,1.70
62.578,2.62,-5.73,-0.94,1.49
62.591,4.47,-5.73,-1.12,1.44
62.607,6.14,-5.73,-1.69,1.60
62.622,7.55,-5.73,-2.00,1.54
62.635,10.55,-5.73,-2.81,1.44
62.649,12.04,-5.73,-3.31,1.38
62.666,16.33,-5.73,-4.44,1.70
62.679,18.94,-5.73,-5.13,1.44
62.693,21.30,-5.73,-6.50,1.38
62.708,24.32,-5.73,-7.25,162.723,29.36,-5.73,-8.13,1.60
62.752,27.22,-5.73,-10.69,1.65
62.781,22.69,-5.73,-11.00,1.44
62.795,15.93,-5.73,-10.50,1.49
62.809,11.91,-5.73,-9.94,1.44
62.825,5.22,-5.73,-8.44,1.76
62.839,2.15,-5.73,-7.56,1.38
62.856,-2.61,-5.73,-5.56,1.70
62.869,0.02,-5.73,-4.88,1.44
62.883,5.91,-5.73,-4.25,1.44
897,7.32,-5.73,-3.88,1.44
62.911,12.14,-5.73,-3.88,1.49
62.941,20.63,-5.73,-5.00,1.44
62.957,22.44,-5.73,-6.06,1.65
62.971,24.25,-5.73,-6.69,1.49
62.985,24.52,-5.73,-7.69,1.38
62.999,21.02,-5.73,-7.88,1.49
63.015,15.48,-5.73,-7.63,1.70
63.029,13.26,-5.73,-7.38,1.49
63.043,5.64,-5.73,-6.31,1.44
63.058,3.40,-5.73,-5.63,1.54
63.073,-0.61,-5.73,-4.88,163.087,-4.30,-5.73,-3.19,1.44
63.117,-0.84,-5.73,-1.25,1.65
63.131,-0.37,-5.73,-0.94,1.44
63.145,3.06,-5.73,-0.69,1.44
63.159,4.43,-5.73,-0.75,1.49
63.175,5.37,-5.73,-0.94,1.70
63.189,5.75,-5.73,-1.06,1.49
63.205,6.76,-5.73,-1.37,1.70
63.219,6.47,-5.73,-1.50,1.49
233,7.13,-5.73,-1.69,1.49
63.247,7.92,-5.73,-2.06,1.49
63.261,7.98,-5.73,-2.25,1.44
63.277,7.08,-5.73,-2.50,1.76
63.307,7.88,-5.73,-2.81,1.76
63.321,7.80,-5.73,-2.94,1.44
63.334,9.29,-5.73,-3.25,1.49
63.348,9.05,-5.73,-3.44,1.49
63.364,9.79,-5.73,-3.75,1.65
63.379,11.05,-5.73,-3.94,1.65
63.392,11.32,-5.73,-4.13,1.49
63.408,11.96,-5.73,-4.56,1.65
63.423,12.91,-5.73,-4.81,1.60
63.437,12.85,-5.73,-5.25,1.4963.451,11.76,-5.73,-5.31,1.49
63.467,11.34,-5.73,-5.50,1.8163.481,11.43,-5.73,-5.50,1.49
63.495,9.96,-5.73,-5.50,1.49
,10.67,-5.73,-5.50,1.60
63.525,9.02,-5.73,-5.44,1.70
39,8.99,-5.73,-5.25,1.54
63.554,7.61,-5.73,-5.00,1.65
63.569,7.18,-5.73,-4.88,1.60
63.583,7.31,-5.73,-4.75,1.49
63.596,5.89,-5.73,-4.44,1.44
63.610,6.23,-5.73,-4.31,1.54
63.627,6.08,-5.73,-4.06,1.76
63.640,6.96,-5.73,-4.06,1.49
63.657,7.57,-5.73,-4.00,1.81
63.671,8.61,-5.73,-4.06,1.49
63.684,8.88,-5.73,-4.13,1.4963.698,9.88,-5.73,-4.31,1.49
63.712,10.36,-5.73,-4.44,1.463.728,12.09,-5.73,-4.81,1.76
63.742,13.32,-5.73,-5.00,1.4963.758,14.61,-5.73,-5.56,1.76
63.772,15.58,-5.73,-5.88,1.54
63.800,15.20,-5.73,-6.63,1.49
63.830,10.84,-5.73,-6.56,1.60
63.844,8.59,-5.73,-6.38,1.49
63.859,6.86,-5.73,-5.88,1.65
63.875,5.75,-5.73,-5.63,1.65
63.888,2.48,-5.73,-4.81,1.49
63.918,1.05,-5.73,-3.56,1.76
63.932,1.19,-5.73,-3.25,1.44
63.946,1.49,-5.73,-2.75,1.49
63.960,2.79,-5.73,-2.63,1.60
63.976,4.97,-5.73,-2.63,1.65
63.990,6.19,-5.73,-2.75,1.49
64.005,7.38,-5.73,-3.00,1.65
64.020,8.52,-5.73,-3.25,1.6064.034,9.85,-5.73,-3.50,1.49
64.047,12.03,-5.73,-4.13,1.49
64.061,14.56,-5.73,-4.63,1.49
64.078,14.56,-5.73,-5.38,1.76
64.091,13.71,-5.73,-5.63,1.49
64.108,14.88,-5.73,-6.19,1.86
64.122,15.30,-5.73,-6.50,1.49
64.136,10.34,-5.73,-6.56,1.49
64.150,9.25,-5.73,-6.38,1.54
64.165,6.93,-5.73,-6.13,1.60
64.180,5.84,-5.73,-5.69,1.65
64.194,3.67,-5.73,-5.38,1.49
64.224,0.21,-5.73,-4.19,1.60
64.238,-3.03,-5.73,-3.19,1.49
64.252,-1.76,-5.73,-2.81,1.49
64.268,0.33,-5.73,-2.38,1.76
64.282,1.23,-5.73,-2.31,1.49
64.296,2.41,-5.73,-2.19,1.44
64.310,5.19,-5.73,-2.38,1.60
64.326,6.09,-5.73,-2.63,1.65
64.340,7.60,-5.73,-3.13,1.49
64.354,10.16,-5.73,-3.44,1.54
64.370,11.82,-5.73,-4.25,1.70
64.384,13.60,-5.73,-4.75,1.49
64.397,14.36,-5.73,-5.63,1.49
64.412,14.36,-5.73,-6.00,1.54
64.442,14.32,-5.73,-6.94,1.49
64.458,11.00,-5.73,-7.06,1.76
64.472,9.86,-5.73,-7.00,1.49
64.486,8.65,-5.73,-6.88,1.49
64.500,7.58,-5.73,-6.50,1.49
64.514,6.96,-5.73,-6.31,1.49
64.530,4.83,-5.73,-5.81,1.76
64.544,3.93,-5.73,-5.56,1.49
64.560,2.51,-5.73,-4.94,1.76
64.574,2.93,-5.73,-4.69,1.49
64.587,3.21,-5.73,-4.31,1.49
64.601,3.56,-5.73,-4.19,1.4964.617,5.67,-5.73,-4.13,1.65
64.632,6.73,-5.73,-4.19,1.60
64.645,8.21,-5.73,-4.31,1.49
64.661,9.28,-5.73,-4.69,1.65
64.689,13.67,-5.73,-5.63,1.49
64.720,18.61,-5.73,-7.00,1.81
64.733,18.08,-5.73,-7.38,1.49
64.747,19.27,-5.73,-8.19,1.44
64.762,18.46,-5.73,-8.44,1.60
64.778,14.50,-5.73,-8.56,1.70
64.807,10.08,-5.73,-8.06,1.65
64.821,8.76,-5.73,-7.75,1.54
64.835,8.85,-5.73,-7.50,1.49
64.849,4.86,-5.73,-6.69,1.49
64.863,3.58,-5.73,-6.25,1.49
64.879,2.06,-5.73,-5.31,1.76
64.893,0.91,-5.73,-4.88,1.49
64.909,1.52,-5.73,-4.19,1.76
64.923,0.84,-5.73,-3.88,1.49
64.937,4.25,-5.73,-3.63,1.44
64.951,5.72,-5.73,-3.63,1.44
64.965,6.71,-5.73,-3.69,1.54
64.981,8.77,-5.73,-4.00,1.70
64.995,9.84,-5.73,-4.25,1.49
65.011,13.15,-5.73,-4.94,1.70
65.025,14.65,-5.73,-5.38,1.49
65.038,18.04,-5.73,-6.38,65.053,16.97,-5.73,-6.75,1.54
65.069,18.64,-5.73,-7.50,1.70
65.083,18.21,-5.73,-7.81,1.54
65.097,13.86,-5.73,-7.94,1.49
65.112,11.91,-5.73,-7.88,1.60
65.127,9.94,-5.73,-7.63,1.65
65.141,7.86,-5.73,-7.06,1.49
65.171,2.50,-5.73,-5.81,1.76
65.185,1.19,-5.73,-5.31,1.49
65.198,-0.71,-5.73,-4.31,1.49
65.213,-1.68,-5.73,-3.81,1.54
65.229,0.38,-5.73,-3.19,1.65
65.242,1.03,-5.73,-3.00,1.49
65.272,5.51,-5.73,-3.06,1.60
65.286,7.34,-5.73,-3.25,1.44
65.300,9.29,-5.73,-3.81,1.49
65.314,11.40,-5.73,-4.19,1.49
65.330,14.08,-5.73,-5.00,1.81
65.344,16.17,-5.73,-5.56,1.44
65.361,15.80,-5.73,-6.44,1.86
65.375,15.72,-5.73,-6.75,1.49
65.388,14.88,-5.73,-7.13,1.44
65.402,14.32,-5.73,-7.50,1.54
65.417,12.47,-5.73,-7.56,1.54
65.433,11.22,-5.73,-7.50,1.65
65.446,10.18,-5.73,-7.38,1.49
65.462,9.34,-5.73,-7.06,1.70
65.477,8.66,-5.73,-6.88,1.54
65.490,6.64,-5.73,-6.38,1.49
65.504,5.57,-5.73,-6.13,1.49
65.521,3.54,-5.73,-5.44,1.81
65.534,1.97,-5.73,-5.06,1.44
65.548,1.47,-5.73,-4.31,1.44
65.563,1.69,-5.73,-4.06,1.60
65.578,0.43,-5.73,-3.75,1.60
65.606,4.45,-5.73,-3.44,1.49
65.636,7.96,-5.73,-3.75,1.49
65.649,9.40,-5.73,-4.25,1.49
65.664,10.25,-5.73,-4.50,1.54
65.680,13.21,-5.73,-4.88,1.65
65.694,14.92,-5.73,-5.75,1.49
65.709,17.15,-5.73,-6.69,1.70
65.724,16.68,-5.73,-7.06,1.54
65.738,17.12,-5.73,-7.38,1.4965.752,14.52,-5.73,-7.88,1.49
65.782,12.55,-5.73,-7.88,1.81
65.796,12.46,-5.73,-7.81,1.49
65.812,11.10,-5.73,-7.56,1.76
65.826,10.27,-5.73,-7.44,1.49
65.840,8.94,-5.73,-7.06,1.49
65.854,8.69,-5.73,-6.88,1.49
65.870,7.96,-5.73,-6.44,1.70
65.884,6.95,-5.73,-6.25,1.54
65.898,6.75,-5.73,-5.94,1.49
65.913,7.49,-5.73,-5.63,1.60
65.928,8.43,-5.73,-5.56,1.60
65.942,8.48,-5.73,-5.44,1.49
65.956,9.50,-5.73,-5.44,1.49
65.972,10.42,-5.73,-5.56,1.76
65.986,11.27,-5.73,-5.69,1.44
66.000,14.41,-5.73,-6.19,1.49
66.030,19.54,-5.73,-7.31,1.70
66.059,17.21,-5.73,-8.19,1.65
66.074,16.49,-5.73,-8.31,1.60
66.088,15.27,-5.73,-8.31,1.49
66.102,13.02,-5.73,-8.13,1.49
66.115,11.77,-5.73,-7.94,1.49
66.132,9.87,-5.73,-7.50,1.76
66.146,8.38,-5.73,-7.13,1.44
66.162,6.77,-5.73,-6.44,1.81
66.176,5.67,-5.73,-6.06,1.49
66.190,6.06,-5.73,-5.69,1.44
66.204,12.64,-5.73,-5.56,1.49
66.218,17.70,-5.73,-6.00,1.54
4,19.46,-5.73,-6.88,1.65
66.248,26.09,-5.73,-7.63,1.44
66.264,24.31,-5.73,-8.81,1.70
66.278,22.90,-5.73,-9.13,1.54
66.292,18.67,-5.73,-9.31,1.49
66.306,16.70,-5.73,-9.19,1.49
66.322,13.50,-5.73,-8.69,1.81
66.336,10.01,-5.73,-8.25,1.49
66.350,6.59,-5.73,-7.19,1.49
66.365,5.06,-5.73,-6.63,1.60
66.380,4.22,-5.73,-6.06,1.60
66.394,2.56,-5.73,-4.88,1.49
66.409,4.20,-5.73,-4.50,1.5466.424,4.70,-5.73,-3.88,1.65
66.438,6.51,-5.73,-3.75,1.49
66.452,9.41,-5.73,-3.88,1.44
66.466,10.90,-5.73,-4.06,1.49
66.482,13.17,-5.73,-4.50,1.76
66.496,14.43,-5.73,-4.81,1.44
66.513,18.23,-5.73,-5.69,1.81
66.526,19.44,-5.73,-6.13,1.44
66.540,16.06,-5.73,-6.50,1.49
66.554,14.81,-5.73,-6.75,1.49
66.568,12.98,-5.73,-6.81,1.54
66.584,9.04,-5.73,-6.44,1.76
66.598,7.71,-5.73,-6.13,1.44
66.614,5.72,-5.73,-5.44,1.76
66.642,3.04,-5.73,-4.31,1.44
66.673,5.18,-5.73,-3.56,1.76
66.687,6.55,-5.73,-3.50,1.49
66.700,9.00,-5.73,-3.69,1.44
66.715,10.28,-5.73,-3.88,1.60
66.731,12.20,-5.73,-4.13,1.65
66.744,14.46,-5.73,-4.81,1.44
66.759,16.73,-5.73,-5.13,1.54
66.775,18.01,-5.73,-6.00,1.66.788,19.23,-5.73,-6.50,1.44
66.802,15.73,-5.73,-6.94,1.49
66.816,14.59,-5.73,-7.00,1.49
66.832,11.76,-5.73,-6.88,1.70
66.846,10.98,-5.73,-6.69,1.54
66.862,9.59,-5.73,-6.38,1.70
66.876,8.89,-5.73,-6.13,1.49
66.890,8.38,-5.73,-5.94,1.49
66.904,6.56,-5.73,-5.44,1.49
66.918,6.61,-5.73,-5.19,1.44
66.934,7.84,-5.73,-4.88,1.81
66.948,7.28,-5.73,-4.75,1.44
66.965,9.42,-5.73,-4.69,1.76
66.978,10.16,-5.73,-4.75,1.44
66.992,12.34,-5.73,-4.88,67.006,14.54,-5.73,-5.38,1.44
67.036,19.34,-5.73,-6.50,1.65
67.050,20.52,-5.73,-7.00,1.467.066,21.10,-5.73,-7.81,1.70
67.081,20.09,-5.73,-8.06,1.60
67.094,17.44,-5.73,-8.19,1.44
67.108,18.50,-5.73,-8.31,1.49
67.125,20.48,-5.73,-8.69,1.76
67.138,21.96,-5.73,-8.94,1.49
67.152,16.96,-5.73,-8.81,1.49
67.167,17.73,-5.73,-8.75,1.60
67.183,14.94,-5.73,-8.44,1.70
67.196,14.66,-5.73,-8.25,1.44
67.212,11.34,-5.73,-7.63,1.65
67.227,9.67,-5.73,-7.25,1.60
67.240,13.00,-5.73,-7.06,1.44
67.254,13.15,-5.73,-6.88,1.49
67.285,13.91,5.73,-6.50,1.81
67.315,14.44,5.73,-6.31,1.81
67.329,14.27,5.73,-6.19,1.44
67.342,14.09,5.73,-6.06,1.49
67.372,12.48,5.73,-5.38,1.65
67.387,12.07,5.73,-5.13,167.401,11.22,5.73,-4.88,1.49
67.416,11.01,5.73,-4.31,167.431,9.13,5.73,-3.94,1.60
67.445,6.98,5.73,-3.19,1.49
67.459,6.10,5.73,-2.69,1.44
67.475,2.72,5.73,-1.69,1.76
67.503,-1.80,5.73,0.12,1.49
67.517,-1.24,5.73,0.69,1.54
67.533,-1.29,5.73,1.19,1.65
67.547,-2.30,5.73,2.13,1.49
67.562,-2.01,5.73,2.94,1.60
67.577,0.18,5.73,3.06,1.54
67.591,-1.22,5.73,3.31,1.49
67.605,-2.81,5.73,3.88,1.44
,-3.12,5.73,4.13,1.49
67.635,-5.31,5.73,4.69,1.76
67.666,-9.14,5.73,5.75,1.76
67.693,-11.82,5.73,6.69,1.49
67.707,-13.26,5.73,7.50,1.49
67.722,-11.81,5.73,7.94,1.54
67.737,-10.72,5.73,8.31,1.65
67.751,-9.37,5.73,8.31,1.49
67.767,-8.55,5.73,8.31,1.65
67.782,-7.68,5.73,8.19,1.60
67.795,-6.09,5.73,7.81,1.49
67.809,-5.18,5.73,7.56,1.44
67.825,-3.65,5.73,7.06,1.81
67.839,-2.29,5.73,6.69,1.44
67.853,0.38,5.73,5.94,1.44
67.868,1.62,5.73,5.50,1.54
67.883,1.40,5.73,5.06,1.65
67.897,3.07,5.73,4.31,1.49
67.912,2.09,5.73,3.94,1.60
67.927,1.11,5.73,3.50,1.65
67.941,1.09,5.73,3.31,1.44
67.954,-0.74,5.73,3.25,1.49
67.969,-2.31,5.73,3.31,1.54
67.985,-1.71,5.73,3.38,1.70
67.999,-2.72,5.73,3.50,1.44
68.014,-3.26,5.73,3.75,1.65
68.029,-3.92,5.73,3.88,1.54
68.042,-4.64,5.73,4.00,1.49
68.057,-5.44,5.73,4.38,1.49
68.070,-6.04,5.73,4.56,1.44
68.087,-7.62,5.73,5.00,1.81
68.101,-8.28,5.73,5.25,1.44
68.117,-8.93,5.73,5.69,1.76
68.144,-7.75,5.73,6.13,1.49
68.174,-3.31,5.73,5.81,1.65
68.189,-2.52,5.73,5.63,1.54
68.203,-0.15,5.73,5.31,1.49
68.218,1.78,5.73,4.63,1.65
3,3.42,5.73,4.25,1.54
68.246,6.66,5.73,3.31,1.44
68.277,4.35,5.73,2.25,1.76
68.291,3.27,5.73,2.13,1.49
68.304,2.17,5.73,2.00,1.44
68.319,0.44,5.73,2.06,1.60
68.334,-1.95,5.73,2.25,1.60
68.348,-2.64,5.73,2.75,1.49
68.363,-4.97,5.73,3.06,1.54
68.378,-6.44,5.73,3.81,1.65
68.406,-6.08,5.73,4.63,1.44
68.420,-6.58,5.73,4.88,1.54
68.437,-6.35,5.73,5.25,1.76
68.450,-5.82,5.73,5.38,1.44
68.467,-4.44,5.73,5.50,1.81
68.481,-3.42,5.73,5.44,1.44
68.494,-2.02,5.73,5.38,1.44
68.508,-0.38,5.73,5.06,1.49
68.522,1.16,5.73,4.81,1.49
68.539,2.96,5.73,4.25,1.76
68.552,4.94,5.73,3.88,1.44
68.568,6.42,5.73,3.13,1.76
68.582,6.24,5.73,2.81,1.49
68.596,2.46,5.73,2.63,1.49
68.610,2.98,5.73,2.56,1.49
68.626,1.64,5.73,2.63,1.65
68.640,1.75,5.73,2.69,1.54
68.654,-1.61,5.73,2.88,1.49
68.669,-2.54,5.73,3.38,1.65
68.684,-4.24,5.73,3.69,1.60
68.698,-4.84,5.73,4.25,1.44
68.712,-5.88,5.73,4.56,1.4968.728,-7.28,5.73,5.19,1.76
68.742,-8.00,5.73,5.56,1.49
68.756,-9.12,5.73,6.19,1.44
68.770,-9.51,5.73,6.50,1.60
68.786,-10.13,5.73,7.06,1.65
68.800,-11.17,5.73,7.38,1.49
68.830,-8.07,5.73,7.75,1.60
68.844,-8.35,5.73,7.75,168.857,-6.43,5.73,7.63,1.44
68.871,-5.32,5.73,7.44,1.49
68.888,-3.95,5.73,7.06,1.76
68.901,-2.62,5.73,6.81,1.49
68.918,-0.59,5.73,6.19,1.76
68.932,1.37,5.73,5.81,1.44
68.959,3.64,5.73,4.56,1.49
68.974,3.27,5.73,4.19,1.54
68.990,2.89,5.73,3.69,1.70
69.004,-0.65,5.73,3.63,1.49
69.019,-1.35,5.73,3.75,1.70
69.033,-2.34,5.73,3.88,1.49
69.047,-3.52,5.73,4.19,1.49
69.061,-4.21,5.73,4.38,1.49
69.078,-5.47,5.73,4.81,1.76
69.092,-6.03,5.73,5.06,1.49
69.105,-8.54,5.73,5.63,1.44
69.120,-9.75,5.73,6.00,1.60
69.136,-11.10,5.73,6.38,1.65
69.150,-12.43,5.73,7.06,1.49
69.164,-9.95,5.73,7.31,169.180,-9.22,5.73,7.56,1.70
69.193,-8.23,5.73,7.56,1.4469.207,-6.16,5.73,7.44,1.49
69.222,-5.83,5.73,7.31,1.54
69.237,-3.31,5.73,6.88,1.70
69.251,-2.66,5.73,6.63,1.49
69.267,0.22,5.73,5.94,1.65
69.282,2.20,5.73,5.50,1.54
69.295,3.41,5.73,5.06,1.49
69.309,3.55,5.73,4.25,1.44
69.323,4.20,5.73,3.94,1.49
69.340,4.29,5.73,3.25,1.76
69.353,0.81,5.73,3.25,1.49
69.383,-0.71,5.73,3.44,1.44
69.397,-1.93,5.73,3.56,1.44
69.411,-3.44,5.73,3.94,1.49
69.426,-5.26,5.73,4.19,1.54
69.441,-6.33,5.73,4.75,1.70
69.455,-7.11,5.73,5.06,1.44
69.471,-8.75,5.73,5.69,1.70
69.485,-10.30,5.73,6.06,1.54
69.499,-12.00,5.73,6.88,1.44
69.513,-11.01,5.73,7.13,1.49
69.529,-9.74,5.73,7.44,1.81
69.543,-9.34,5.73,7.56,1.44
69.557,-7.00,5.73,7.50,1.44
69.572,-5.70,5.73,7.38,1.60
69.587,-3.64,5.73,7.19,1.60
69.601,-2.52,5.73,6.69,1.49
69.615,0.24,5.73,6.38,1.54
69.631,2.92,5.73,5.50,1.70
69.644,5.07,5.73,4.94,1.49
69.658,3.35,5.73,4.25,1.44
69.672,4.19,5.73,3.94,1.54
69.688,1.33,5.73,3.56,1.76
69.702,-0.85,5.73,3.63,1.44
69.718,-2.46,5.73,3.88,1.70
69.733,-3.63,5.73,4.06,1.54
69.746,-5.41,5.73,4.38,1.44
69.760,-7.05,5.73,4.94,1.54
69.774,-8.89,5.73,5.31,1.49
69.791,-10.30,5.73,6.06,1.76
69.805,-12.25,5.73,6.50,1.49
69.821,-11.71,5.73,7.19,1.76
69.835,-11.07,5.73,7.44,1.49
69.863,-8.41,5.73,7.69,1.54
69.878,-5.21,5.73,7.44,1.65
69.893,-4.17,5.73,7.19,1.60
69.907,-2.32,5.73,6.94,1.44
69.922,0.21,5.73,6.25,1.65
69.937,2.06,5.73,5.81,1.60
69.951,4.20,5.73,4.81,1.49
69.964,5.43,5.73,4.31,1.44
69.981,7.46,5.73,3.38,1.81
69.995,4.35,5.73,3.13,1.44
70.008,0.97,5.73,3.13,1.49
70.023,0.77,5.73,3.13,1.54
70.039,-1.83,5.73,3.38,170.053,-3.53,5.73,3.63,1.49
70.068,-7.33,5.73,4.38,1.60
.083,-8.76,5.73,4.81,1.60
70.097,-10.72,5.73,5.31,1.49
70.110,-11.55,5.73,6.25,1.49
70.124,-12.44,5.73,6.69,1.44
70.141,-14.72,5.73,7.63,1.81
70.154,-14.84,5.73,8.06,1.44
70.171,-10.85,5.73,8.38,1.76
70.185,-10.16,5.73,8.44,1.49
70.213,-6.11,5.73,8.06,1.49
70.227,-4.78,5.73,7.88,1.60
70.243,-2.43,5.73,7.25,1.65
70.257,-0.90,5.73,6.81,1.44
70.272,1.50,5.73,5.94,1.70
70.287,2.91,5.73,5.44,1.49
70.314,3.42,5.73,4.25,1.44
70.345,1.30,5.73,3.63,1.49
70.358,-2.24,5.73,3.75,1.470.373,-2.50,5.73,3.88,1.60
70.389,-3.57,5.73,4.06,1.65
402,-4.64,5.73,4.44,1.44
70.417,-6.81,5.73,4.69,1.49
70.446,-9.01,5.73,5.69,1.44
70.460,-12.25,5.73,6.50,1.44
70.474,-13.37,5.73,6.94,1.54
70.490,-13.81,5.73,7.75,1.65
70.504,-12.58,5.73,8.00,1.49
70.520,-11.33,5.73,8.25,1.70
70.534,-9.67,5.73,8.25,1.49
70.548,-6.28,5.73,8.06,1.49
70.562,-5.65,5.73,7.63,1.49
70.576,-4.52,5.73,7.38,1.70.593,-1.19,5.73,6.69,1.76
70.606,-0.50,5.73,6.31,1.44
70.623,3.78,5.73,5.31,1.70
70.636,3.28,5.73,4.88,1.44
70.664,4.64,5.73,3.75,1.54
70.680,-1.66,5.73,3.56,1.70.695,-2.32,5.73,3.69,1.60
70.708,-2.34,5.73,3.69,1.49
70.738,-4.28,5.73,4.19,1.54
70.752,-6.08,5.73,4.69,1.44
70.766,-5.50,5.73,4.88,1.44
70.783,-6.63,5.73,5.38,1.81
70.796,-7.05,5.73,5.56,1.44
70.810,-7.88,5.73,6.00,1.44
70.825,-6.50,5.73,6.06,1.60
70.840,-6.43,5.73,6.19,1.65
70.854,-6.34,5.73,6.31,1.44
70.869,-4.52,5.73,6.25,1.60
70.884,-3.40,5.73,6.13,1.65
70.898,-2.60,5.73,5.94,1.44
70.926,-0.49,5.73,5.44,1.44
70.956,2.32,5.73,4.56,1.49
70.973,4.09,5.73,3.94,1.76
70.986,4.11,5.73,3.69,1.44
71.000,2.27,5.73,3.56,1.49
014,-0.52,5.73,3.69,1.44
71.028,-0.17,5.73,3.69,1.49
71.044,-3.06,5.73,4.00,1.76
71.058,-3.58,5.73,4.19,1.44
71.074,-5.80,5.73,4.69,1.70
71.088,-7.15,5.73,5.06,1.49
71.102,-8.75,5.73,5.69,1.71.116,-9.58,5.73,6.06,1.49
71.131,-11.61,5.73,6.88,1.6571.146,-10.19,5.73,7.13,1.60
71.160,-8.06,5.73,7.38,1.44
175,-7.20,5.73,7.44,1.65
71.190,-6.52,5.73,7.38,1.60
71.204,-4.94,5.73,7.19,1.44
71.218,-3.70,5.73,7.00,1.49
71.234,-2.07,5.73,6.56,1.76
71.248,-0.65,5.73,6.25,1.44
71.262,0.68,5.73,5.63,1.44
71.276,0.70,5.73,5.38,1.54
71.292,0.88,5.73,5.06,1.65
71.306,-1.12,5.73,4.81,1.44
71.321,-3.38,5.73,4.88,1.65
71.336,-3.21,5.73,4.94,1.60
71.350,-5.39,5.73,5.13,1.44
71.363,-7.14,5.73,5.56,1.49
71.377,-8.06,5.73,5.81,1.44
71.394,-10.92,5.73,6.50,1.76
71.407,-12.20,5.73,6.88,1.44
71.424,-12.75,5.73,7.69,1.76
71.438,-11.99,5.73,7.88,1.44
71.451,-10.10,5.73,8.00,1.49
71.466,-9.77,5.73,8.13,1.49
71.480,-8.11,5.73,8.13,1.60
71.496,-6.58,5.73,7.88,1.65
71.510,-5.47,5.73,7.75,1.44
71.525,-3.91,5.73,7.25,1.70
71.540,-3.22,5.73,6.94,1.54
71.554,-0.29,5.73,6.25,1.44
71.567,1.16,5.73,5.81,1.49
71.584,-0.06,5.73,5.19,1.70
71.598,0.93,5.73,4.94,1.49
71.611,0.28,5.73,4.44,1.44
71.626,-0.59,5.73,4.31,1.60
71.642,-0.15,5.73,4.25,1.60
71.655,-1.48,5.73,4.13,1.49
71.669,-2.29,5.73,4.19,1.49
71.686,-2.74,5.73,4.31,1.70
71.699,-3.57,5.73,4.44,1.44
71.713,-3.94,5.73,4.63,71.727,-4.95,5.73,4.81,1.54
71.743,-6.45,5.73,5.25,1.71.757,-7.22,5.73,5.44,1.49
71.773,-9.57,5.73,6.06,1.70
71.787,-10.92,5.73,6.38,1.49
71.801,-12.78,5.73,6.81,1.49
,-13.86,5.73,7.56,1.49
71.829,-13.03,5.73,7.88,1.44
71.846,-10.17,5.73,8.06,1.81
71.859,-9.50,5.73,8.06,1.49
71.876,-6.66,5.73,7.81,1.70
71.889,-5.29,5.73,7.56,1.44
71.903,-3.90,5.73,7.31,1.49
71.917,-2.07,5.73,6.69,1.49
71.932,1.56,5.73,5.75,1.60
71.947,2.97,5.73,5.25,1.60
71.961,1.94,5.73,4.88,1.44
71.977,3.06,5.73,4.19,1.70
71.991,3.41,5.73,3.88,1.54
72.005,-1.04,5.73,3.69,1.44
72.019,-2.43,5.73,3.81,1.49
72.049,-3.97,5.73,4.19,1.44
72.063,-6.03,5.73,4.63,1.472.078,-6.54,5.73,4.88,1.54
72.093,-7.77,5.73,5.19,1.65
72.107,-10.87,5.73,5.88,1.44
72.121,-10.73,5.73,6.31,1.54
72.151,-10.66,5.73,7.13,1.49
72.179,-7.78,5.73,7.31,1.49
72.208,-5.22,5.73,7.00,1.44
72.224,-2.99,5.73,6.56,1.70
72.239,-1.30,5.73,6.25,1.54
72.252,-1.29,5.73,6.00,1.44
72.266,1.89,5.73,5.25,1.49
72.280,4.83,5.73,4.75,1.44
72.310,5.46,-5.73,3.06,1.44
72.340,-0.72,-5.73,2.75,1.44
72.354,-2.90,-5.73,3.00,1.44
72.368,-5.95,-5.73,3.25,1.49
72.383,-7.82,-5.73,3.63,1.60
72.398,-11.49,-5.73,4.38,1.60
72.412,-11.97,-5.73,4.81,1.44
72.428,-13.52,-5.73,5.50,1.65
72.443,-14.92,-5.73,5.88,1.60
72.456,-13.33,-5.73,6.31,1.44
72.470,-10.16,-5.73,6.25,1.49
72.487,-6.13,-5.73,5.69,1.76
72.501,-4.46,-5.73,5.31,1.44
4,-1.15,-5.73,4.31,1.44
72.529,1.11,-5.73,3.75,1.54
72.545,6.53,-5.73,3.00,1.70
72.559,9.57,-5.73,1.25,1.49
72.574,10.56,-5.73,-0.31,1.60
72.589,12.79,-5.73,-1.12,1.65
72.616,7.94,-5.73,-2.31,1.44
72.646,5.84,-5.73,-2.81,1.70
72.660,4.65,-5.73,-2.88,1.49
72.676,3.60,-5.73,-2.88,1.70
72.690,3.73,-5.73,-2.88,1.49
72.704,3.06,-5.73,-2.81,1.44
72.718,6.09,-5.73,-3.06,1.49
.732,7.27,-5.73,-3.25,1.44
72.748,10.19,-5.73,-3.81,1.76
72.762,10.76,-5.73,-4.13,1.44
72.778,13.77,-5.73,-4.94,1.76
72.792,15.86,-5.73,-5.38,1.49
72.806,18.84,-5.73,-6.44,1.44
72.820,18.42,-5.73,-6.88,1.49
72.835,20.56,-5.73,-7.75,1.65
72.850,20.67,-5.73,-8.13,1.54
72.864,17.61,-5.73,-8.44,1.49
72.879,17.48,-5.73,-8.63,1.65
72.894,16.40,-5.73,-8.56,1.60
72.908,14.94,-5.73,-8.44,1.49
72.922,14.75,-5.73,-8.31,1.49
72.952,12.08,-5.73,-7.63,1.44
72.980,10.44,-5.73,-6.75,1.54
72.996,9.44,-5.73,-6.50,1.65
73.010,8.60,-5.73,-5.94,1.44
73.025,9.06,-5.73,-5.50,1.65
73.040,9.34,-5.73,-5.38,1.60
73.054,9.06,-5.73,-5.19,1.44
73.067,8.28,-5.73,-4.81,1.49
73.081,8.14,-5.73,-4.69,1.44
73.098,7.18,-5.73,-4.31,1.70
73.111,6.84,-5.73,-4.13,1.44
73.128,5.55,-5.73,-3.69,1.76
73.142,5.15,-5.73,-3.50,1.49
73.155,5.49,-5.73,-3.31,1.44
73.170,3.77,-5.73,-2.94,1.49
73.184,5.63,-5.73,-2.81,1.54
73.200,5.31,-5.73,-2.69,1.65
73.214,7.00,-5.73,-2.69,1.44
73.229,9.44,-5.73,-2.94,1.65
73.243,12.08,-5.73,-3.31,1.49
73.257,14.97,-5.73,-4.06,1.38
73.271,16.09,-5.73,-4.50,1.49
73.287,19.05,-5.73,-5.56,1.65
73.302,21.08,-5.73,-6.13,1.54
73.315,17.73,-5.73,-6.56,1.49
73.330,16.60,-5.73,-6.94,1.60
73.345,16.36,-5.73,-7.06,1.60
73.359,11.56,-5.73,-6.75,1.49
73.373,9.60,-5.73,-6.50,1.49
73.389,6.77,-5.73,-5.81,1.70
3,4.93,-5.73,-5.38,1.49
73.417,1.14,-5.73,-4.31,1.38
73.447,1.92,-5.73,-3.44,1.65
73.461,0.68,-5.73,-2.75,1.44
73.476,6.23,-5.73,-2.63,1.60
73.491,7.79,-5.73,-2.75,73.505,9.73,-5.73,-2.94,1.44
73.518,13.45,-5.73,-3.69,1.44
73.532,15.78,-5.73,-4.13,1.44
73.549,20.33,-5.73,-5.31,1.76
73.563,22.23,-5.73,-6.00,1.44
73.580,22.38,-5.73,-7.06,1.81
73.593,22.08,-5.73,-7.50,1.38
73.607,19.26,-5.73,-7.81,173.621,19.28,-5.73,-8.19,1.44
73.636,15.19,-5.73,-8.25,1.60
73.651,12.54,-5.73,-7.88,1.65
73.665,10.77,-5.73,-7.56,1.44
73.681,8.84,-5.73,-6.81,1.70
73.696,7.70,-5.73,-6.44,1.54
709,3.33,-5.73,-5.38,1.38
73.723,2.53,-5.73,-4.81,1.44
73.753,6.15,-5.73,-4.13,1.44
73.767,7.66,-5.73,-3.88,1.38
73.782,7.69,-5.73,-3.81,1.60
73.797,10.01,-5.73,-3.88,1.60
73.811,14.28,-5.73,-4.44,1.49
73.825,15.78,-5.73,-4.75,1.49
73.841,18.02,-5.73,-5.50,1.65
73.855,20.30,-5.73,-6.00,1.4473.868,23.53,-5.73,-7.00,1.44
73.883,24.73,-5.73,-7.56,1.54
73.899,20.65,-5.73,-8.06,1.65
73.913,19.60,-5.73,-8.19,1.49
73.928,16.82,-5.73,-8.13,1.65
73.943,16.54,-5.73,-8.06,1.54
73.957,13.23,-5.73,-7.81,1.44
73.971,10.40,-5.73,-7.06,1.49
73.985,7.69,-5.73,-6.56,1.49
74.001,4.61,-5.73,-5.50,1.70
74.015,3.95,-5.73,-5.00,1.44
74.031,-0.85,-5.73,-3.69,1.70
74.059,3.47,-5.73,-2.63,1.38
74.073,4.55,-5.73,-2.50,1.49
74.089,8.10,-5.73,-2.56,1.65
74.103,8.26,-5.73,-2.63,1.54
74.117,10.95,-5.73,-2.81,1.44
74.132,13.36,-5.73,-3.44,1.60
74.147,14.83,-5.73,-3.81,1.54
74.175,20.40,-5.73,-5.38,1.44
74.205,20.30,-5.73,-6.63,1.44
74.219,17.09,-5.73,-7.06,1.44
74.233,15.02,-5.73,-7.06,1.54
74.249,13.11,-5.73,-7.00,1.65
74.263,10.53,-5.73,-6.63,1.49
74.278,7.97,-5.73,-6.00,1.60
74.293,6.42,-5.73,-5.63,1.54
74.307,5.06,-5.73,-5.19,1.49
74.320,0.09,-5.73,-4.13,1.44
74.334,0.75,-5.73,-3.63,1.44
.351,4.56,-5.73,-3.13,1.76
74.365,4.58,-5.73,-3.00,1.38
74.381,6.50,-5.73,-2.88,1.76
74.395,8.54,-5.73,-3.00,1.44
74.423,14.66,-5.73,-3.94,1.44
74.437,17.99,-5.73,-4.44,1.54
74.453,20.98,-5.73,-5.63,1.65
74.467,22.14,-5.73,-6.25,1.44
74.483,24.20,-5.73,-7.44,1.70
74.497,22.24,-5.73,-7.81,1.49
74.510,18.83,-5.73,-8.19,1.49
74.540,15.65,-5.73,-8.25,1.70
74.555,13.34,-5.73,-8.00,74.569,9.27,-5.73,-7.56,1.44
74.584,6.66,-5.73,-6.63,1.65
74.599,4.44,-5.73,-6.06,1.60
74.613,1.62,-5.73,-4.88,1.474.626,-0.28,-5.73,-4.25,1.44
74.643,0.61,-5.73,-3.25,1.76
74.656,0.92,-5.73,-2.88,1.38
74.670,3.51,-5.73,-2.44,1.44
74.685,5.18,-5.73,-2.44,1.49
74.700,7.10,-5.73,-2.56,1.65
74.714,9.23,-5.73,-2.81,1.44
74.729,11.94,-5.73,-3.38,1.60
74.744,14.17,-5.73,-3.81,1.60
74.758,16.23,-5.73,-4.31,1.44
74.785,18.98,-5.73,-5.88,1.49
74.816,17.19,-5.73,-6.94,1.44
74.833,14.56,-5.73,-7.06,1.81
74.846,14.31,-5.73,-7.06,1.44
74.860,11.51,-5.73,-7.00,1.44
74.874,10.66,-5.73,-6.63,1.49
74.889,8.80,-5.73,-6.44,1.60
74.905,6.20,-5.73,-5.81,1.60
74.918,5.35,-5.73,-5.44,1.44
74.934,3.31,-5.73,-4.69,1.65
74.948,3.82,-5.73,-4.38,1.54
74.962,3.44,-5.73,-3.81,1.44
74.976,4.17,-5.73,-3.63,1.44
74.992,5.76,-5.73,-3.38,1.76
75.006,9.13,-5.73,-3.56,1.44
75.035,12.09,-5.73,-4.13,1.54
75.050,13.12,-5.73,-4.44,1.60
75.064,15.83,-5.73,-5.13,1.49
75.078,16.46,-5.73,-5.50,1.49
75.094,17.47,-5.73,-6.25,1.70
75.122,12.91,-5.73,-6.63,1.49
75.152,10.58,-5.73,-6.38,1.70
75.182,8.94,-5.73,-5.94,1.65
75.196,9.05,-5.73,-5.81,1.49
75.210,8.36,-5.73,-5.63,1.44
75.224,6.74,-5.73,-5.19,1.49
75.237,7.71,-5.73,-5.06,1.44
75.254,8.36,-5.73,-4.88,1.81
75.268,6.90,-5.73,-4.75,1.44
75.284,7.37,-5.73,-4.56,1.76
8,8.38,-5.73,-4.56,1.44
75.311,9.36,-5.73,-4.56,1.38
75.340,11.41,-5.73,-4.81,1.54
75.356,12.95,-5.73,-5.19,1.65
75.369,14.40,-5.73,-5.44,1.44
75.385,16.64,-5.73,-6.06,1.70
75.400,17.38,-5.73,-6.38,1.54
75.414,17.41,-5.73,-7.00,1.44
75.427,16.51,-5.73,-7.19,1.49
75.444,13.80,-5.73,-7.25,1.81
75.458,12.49,-5.73,-7.19,1.44
75.472,10.62,-5.73,-6.88,1.44
75.486,10.38,-5.73,-6.75,1.60
75.502,8.32,-5.73,-6.50,1.75.516,7.95,-5.73,-6.00,1.49
75.531,6.52,-5.73,-5.44,75.546,5.23,-5.73,-5.13,1.60
75.560,4.18,-5.73,-4.81,1.44
75.573,5.02,-5.73,-4.38,1.44
75.587,4.18,-5.73,-4.13,1.49
75.617,6.26,-5.73,-3.75,1.44
75.648,8.66,-5.73,-4.00,1.44
75.661,10.14,-5.73,-4.13,1.49
75.675,11.13,-5.73,-4.50,1.49
75.689,11.88,-5.73,-4.75,1.44
75.706,14.17,-5.73,-5.31,1.76
75.719,15.60,-5.73,-5.69,1.44
75.735,15.23,-5.73,-6.25,1.76
75.749,15.24,-5.73,-6.50,1.49
75.763,13.01,-5.73,-6.63,1.44
