19.189,0.00,0.00,2.69,0.05
19.205,0.00,0.00,2.69,0.05
19.219,0.00,0.00,2.69,0.11
19.233,0.00,0.00,2.63,0.05
19.318,0.00,0.00,1.94,0.05
19.331,0.00,0.00,2.00,0.11
19.345,0.00,0.00,1.94,0.16
19.359,0.00,0.00,2.00,0.16
19.375,0.00,0.00,2.06,19.388,0.00,0.00,2.19,0.21
19.403,0.00,0.00,2.31,0.219.418,0.00,0.00,2.56,0.32
19.432,0.00,0.00,2.69,0.32
19.445,0.00,0.00,2.94,0.32
19.460,0.00,0.00,3.13,0.32
19.475,0.00,0.00,3.25,0.43
19.489,0.00,0.00,3.63,0.43
19.503,0.00,0.00,3.81,0.48
19.519,0.00,0.00,4.19,0.48
19.532,0.00,0.00,4.38,0.48
19.546,-13.53,0.00,4.88,0.53
19.560,-14.13,0.00,5.06,0.69
19.576,-13.64,0.00,5.44,1.06
19.590,-12.76,0.00,5.50,0.80
19.606,-11.24,0.00,5.38,0.96
19.620,-13.26,0.00,5.44,1.01
19.634,-12.33,0.00,5.44,1.01
19.649,-13.47,0.00,5.50,1.12
19.663,-13.77,0.00,5.50,1.22
19.679,-12.09,0.00,5.44,1.54
19.693,-10.34,0.00,5.25,1.33
19.709,-8.03,0.00,4.69,1.70
19.723,-6.46,0.00,4.31,1.519.737,-6.43,0.00,3.63,1.49
19.751,-3.68,0.00,3.19,1.54
19.781,-6.58,0.00,2.38,1.49
19.810,-3.74,0.00,1.81,1.54
19.840,1.74,0.00,0.69,1.44
19.854,6.46,0.00,0.06,1.49
19.870,10.72,0.00,-1.50,1.65
19.884,15.75,0.00,-2.50,1.38
19.897,23.69,0.00,-4.81,1.44
19.911,25.42,0.00,-6.00,1.49
19.928,28.80,0.00,-8.13,1.70
19.942,28.79,0.00,-9.06,1.49
19.958,28.62,0.00,-10.50,1.76
19.972,28.60,0.00,-11.13,1.49
19.986,21.88,0.00,-11.50,1.49
20.000,20.45,0.00,-11.56,1.49
20.030,12.26,0.00,-10.38,1.70
20.060,4.49,0.00,-8.13,1.70
20.075,7.71,0.00,-7.56,1.54
20.088,12.48,0.00,-7.00,1.44
20.102,13.09,0.00,-6.81,1.49
20.119,17.20,0.00,-6.75,1.76
20.133,19.55,0.00,-6.94,1.49
20.147,23.11,0.00,-7.44,1.44
20.161,24.79,0.00,-7.75,1.60
20.177,25.43,0.00,-8.06,1.70
20.191,23.86,0.00,-8.50,1.49
20.221,14.09,0.00,-7.81,1.60
20.235,11.26,0.00,-7.25,1.44
20.249,6.40,0.00,-5.88,1.49
20.262,3.94,0.00,-5.00,1.44
20.279,-2.49,0.00,-3.06,1.76
20.293,-3.95,0.00,-2.06,1.49
20.310,-2.68,0.00,-0.37,1.76
20.323,-4.71,0.00,0.37,20.337,-3.26,0.00,1.12,1.44
20.351,-4.06,0.00,2.19,1.54
20.367,-2.10,0.00,2.81,1.65
20.382,-3.04,0.00,3.13,1.54
,-4.49,0.00,3.44,1.49
20.411,-6.24,0.00,4.13,1.65
20.439,-9.40,0.00,5.13,1.49
20.453,-9.57,0.00,5.44,1.49
20.470,-12.47,0.00,6.25,1.76
20.484,-12.15,0.00,6.56,1.49
20.497,-15.08,0.00,7.31,1.49
20.512,-16.52,0.00,7.69,1.60
20.528,-14.56,0.00,8.00,1.70
20.542,-13.19,0.00,8.31,1.44
20.557,-12.55,0.00,8.25,1.65
20.572,-12.16,0.00,8.19,1.60
20.586,-10.47,0.00,8.06,1.49
20.600,-8.48,0.00,7.50,1.44
20.613,-8.21,0.00,7.25,1.49
20.631,-3.19,0.00,6.38,1.86
20.644,-2.45,0.00,5.88,1.44
20.661,-0.20,0.00,4.81,1.81
20.674,1.09,0.00,4.25,1.20.688,3.97,0.00,3.63,1.49
20.702,4.43,0.00,2.31,1.44
20.717,4.45,0.00,1.75,1.65
20.732,4.49,0.00,0.81,1.65
20.762,2.53,0.00,0.12,1.65
20.790,4.25,0.00,-0.63,1.49
20.804,4.63,0.00,-0.88,1.49
20.820,7.06,0.00,-1.44,1.76
20.834,7.48,0.00,-1.75,1.49
20.848,10.50,0.00,-2.44,1.44
20.863,11.91,0.00,-2.88,1.60
20.892,15.78,0.00,-4.19,1.49
20.907,15.24,0.00,-4.69,1.54
20.922,16.14,0.00,-5.38,1.70
20.936,15.18,0.00,-5.56,1.49
20.950,14.83,0.00,-5.88,1.49
20.964,12.86,0.00,-5.88,1.49
20.980,11.18,0.00,-5.69,1.76
21.011,8.50,0.00,-5.06,1.81
21.025,7.26,0.00,-4.75,1.4421.038,5.34,0.00,-4.44,1.49
21.053,3.51,0.00,-3.63,1.54
21.083,-0.34,0.00,-2.13,1.70
21.097,-1.82,0.00,-1.56,1.49
21.113,-1.56,0.00,-0.56,1.70
21.127,-1.61,0.00,-0.19,1.54
21.141,-2.10,0.00,0.50,1.44
21.155,-1.22,0.00,0.75,1.49
21.172,-0.52,0.00,1.12,1.81
21.185,-0.47,0.00,1.25,1.49
21.199,-1.30,0.00,1.50,1.44
21.214,-1.94,0.00,1.69,1.60
21.229,-2.48,0.00,1.88,1.65
21.243,-3.85,0.00,2.25,1.54
21.258,-5.05,0.00,2.50,1.60
21.273,-6.78,0.00,3.00,1.65
21.301,-10.10,0.00,3.94,1.49
21.332,-12.79,0.00,4.94,1.81
21.362,-10.59,0.00,5.50,1.86
21.376,-10.10,0.00,5.56,1.44
21.390,-7.12,0.00,5.56,1.49
21.404,-5.46,0.00,5.19,1.54
.419,-2.09,0.00,4.50,1.65
21.434,-0.32,0.00,4.06,1.65
21.464,5.17,0.00,2.31,1.65
21.478,8.11,0.00,1.63,1.60
21.492,8.47,0.00,0.31,1.49
21.506,9.95,0.00,-0.31,1.49
21.523,7.43,0.00,-1.12,1.81
21.536,5.95,0.00,-1.37,1.44
21.550,6.71,8.59,-1.81,1.49
21.565,5.95,8.59,-1.88,1.60
21.581,4.53,8.59,-1.94,1.70
21.594,5.30,8.59,-1.94,1.49
21.610,6.96,8.59,-2.00,1.65
21.625,7.54,8.59,-2.06,1.60
21.638,8.19,8.59,-2.13,21.652,8.05,8.59,-2.19,1.49
21.666,9.43,8.59,-2.25,1.21.682,9.38,8.59,-2.31,1.81
21.696,10.54,8.59,-2.38,1.44
21.713,10.62,8.59,-2.50,1.81
21.726,10.83,8.59,-2.50,1.49
21.754,9.87,8.59,-2.25,1.54
21.769,9.28,8.59,-2.06,1.54
21.785,7.60,8.59,-1.69,1.70
21.798,5.59,8.59,-1.37,1.44
21.814,4.03,8.59,-0.63,1.70
21.828,4.10,8.59,-0.25,1.54
21.842,-0.68,8.59,0.88,1.49
21.856,-2.25,8.59,1.44,1.49
21.872,-0.63,8.59,2.44,1.70
21.886,-3.47,8.59,3.00,1.54
21.900,-5.33,8.59,3.56,1.44
21.915,-8.21,8.59,4.81,1.65
21.930,-9.21,8.59,5.44,1.60
21.944,-11.83,8.59,6.69,1.49
21.958,-15.87,8.59,7.50,1.49
21.974,-19.90,8.59,9.13,1.76
21.988,-19.29,8.59,9.88,1.49
22.002,-20.34,8.59,11.19,1.49
22.016,-21.07,8.59,11.75,1.54
22.032,-23.35,8.59,12.94,1.76
22.046,-22.79,8.59,13.38,1.54
22.062,-19.88,8.59,13.88,1.76
22.077,-19.08,8.59,13.94,1.422.090,-17.42,8.59,13.94,1.49
22.104,-12.50,8.59,13.44,1.54
22.118,-12.27,8.59,13.13,1.49
22.135,-7.03,8.59,12.19,1.76
22.148,-4.16,8.59,11.50,1.49
22.165,0.60,8.59,10.19,1.76
22.178,-0.02,8.59,9.50,1.49
22.192,-3.35,8.59,8.56,1.49
22.206,-3.63,8.59,8.19,1.49
22.221,-8.49,8.59,8.06,1.60
22.236,-10.45,8.59,8.13,1.65
22.250,-15.20,8.59,8.44,1.44
22.266,-17.99,8.59,9.19,1.65
22.280,-20.01,8.59,9.69,1.60
22.294,-26.51,8.59,11.00,1.54
22.308,-25.42,8.59,11.63,1.49
22.325,-20.49,8.59,12.13,1.76
22.338,-19.80,8.59,12.25,1.49
22.352,-15.12,8.59,12.19,1.49
22.367,-7.54,8.59,11.56,1.60
22.383,-0.06,8.59,10.00,1.70
22.397,7.06,8.59,8.81,1.49
22.413,14.42,8.59,6.25,1.65
22.427,15.74,8.59,5.00,1.54
22.441,15.03,8.59,3.94,1.49
22.455,15.85,8.59,2.00,1.54
22.469,16.23,8.59,1.19,1.44
22.485,6.09,8.59,0.81,1.86
22.499,2.81,8.59,0.94,1.44
22.515,-8.43,8.59,2.25,1.76
22.529,-11.24,8.59,3.00,1.49
22.543,-20.32,8.59,5.13,1.44
22.557,-23.42,8.59,6.31,1.49
22.573,-29.75,8.59,8.81,1.70
22.601,-23.83,8.59,10.69,1.49
22.617,-19.28,8.59,11.63,1.65
22.632,-10.44,8.59,11.75,1.65
22.646,-2.79,8.59,10.75,1.49
22.660,3.45,8.59,9.94,1.54
22.690,17.29,8.59,6.31,1.49
22.704,25.71,8.59,3.25,1.44
22.718,26.06,8.59,1.88,1.49
22.734,24.33,8.59,-0.44,1.76
22.748,19.30,8.59,-1.00,1.49
22.764,9.14,8.59,-1.12,1.70
22.792,-5.61,8.59,0.37,1.49
22.819,-20.84,8.59,4.19,1.44
22.836,-33.56,8.59,7.63,22.850,-35.43,8.59,9.38,1.49
22.866,-36.35,8.59,12.44,1.70
22.880,-36.74,8.59,13.75,1.54
22.894,-31.51,8.59,15.56,1.49
22.908,-23.70,8.59,15.75,1.54
22.924,-8.24,8.59,14.81,1.70
22.939,4.69,8.59,13.44,1.54
22.952,10.89,8.59,12.13,1.49
22.968,19.96,8.59,8.75,1.60
22.983,26.27,8.59,6.81,1.60
22.997,29.98,8.59,3.31,1.49
23.011,19.68,8.59,2.06,1.49
23.027,17.23,8.59,0.56,1.70
23.041,13.11,8.59,0.25,1.49
23.054,-4.30,8.59,1.25,1.44
23.069,-8.49,8.59,2.13,1.54
23.084,-17.61,8.59,3.38,1.65
23.098,-21.86,8.59,6.00,1.49
23.114,-23.26,8.59,8.50,1.6023.128,-22.10,8.59,9.44,1.60
23.142,-20.16,8.59,10.13,1.44
23.156,-6.62,8.59,10.38,1.49
23.170,-0.94,8.59,9.94,1.44
23.186,12.15,8.59,8.06,1.76
23.200,17.77,8.59,6.81,1.49
23.217,24.19,8.59,3.94,1.76
23.231,23.28,8.59,2.81,1.49
23.258,10.87,8.59,1.37,1.54
23.274,-4.12,8.59,2.25,1.65
23.289,-10.79,8.59,3.31,1.60
23.303,-21.26,8.59,4.56,1.4423.318,-29.65,8.59,7.81,1.65
23.333,-30.29,8.59,9.38,1.54
23.361,-30.65,8.59,13.25,1.49
23.377,-21.37,8.59,14.44,1.76
23.391,-15.28,8.59,14.44,1.49
23.405,-1.94,8.59,13.25,1.49
23.420,5.99,8.59,12.13,1.54
23.435,11.04,8.59,10.81,1.65
23.449,14.88,8.59,8.25,1.49
23.465,16.00,8.59,6.00,123.480,12.19,8.59,5.31,1.54
23.493,7.98,8.59,4.94,1.49
23.507,-3.82,8.59,5.25,1.44
23.521,-9.63,8.59,5.88,1.44
23.538,-20.05,8.59,7.81,1.81
23.551,-24.46,8.59,8.94,1.49
23.568,-30.30,8.59,11.50,1.76
23.582,-31.92,8.59,12.69,1.44
23.595,-27.54,8.59,14.44,1.44
23.609,-20.54,8.59,14.69,1.49
23.625,-8.04,8.59,14.13,1.65
23.640,-1.46,8.59,13.25,1.60
23.669,12.64,8.59,9.75,1.65
23.698,16.90,8.59,5.81,1.44
23.711,13.86,8.59,4.94,1.4923.728,1.53,8.59,4.44,1.76
23.742,-1.21,8.59,4.63,1.49
.755,-14.84,8.59,5.88,1.44
23.770,-17.78,8.59,6.88,1.54
23.800,-28.14,8.59,10.38,1.44
23.815,-23.03,8.59,12.00,1.65
23.830,-20.92,8.59,12.50,1.60
23.844,-13.95,8.59,12.50,1.44
23.858,-1.30,8.59,11.56,1.49
23.888,13.58,8.59,8.44,1.76
23.919,20.50,8.59,4.44,1.70
23.932,20.95,8.59,3.38,1.49
23.946,11.12,8.59,2.63,1.44
23.960,7.93,8.59,2.19,1.54
23.991,-6.65,8.59,3.50,1.60
24.004,-12.97,8.59,4.38,1.44
24.020,-20.09,8.59,6.63,1.65
24.035,-19.54,8.59,7.63,1.60
24.048,-12.46,8.59,9.00,1.44
24.062,-11.85,8.59,9.38,1.44
24.079,-4.92,8.59,9.56,1.76
24.093,-1.15,8.59,9.25,24.106,6.11,8.59,8.06,1.44
24.121,8.56,8.59,7.38,1.54
24.137,12.84,8.59,6.69,1.65
24.151,13.66,8.59,5.13,1.49
24.181,5.14,8.59,4.19,1.60
24.208,-7.23,8.59,5.44,1.44
24.222,-11.15,8.59,6.25,1.44
24.239,-18.92,8.59,8.19,1.76
24.252,-23.12,8.59,9.31,1.44
24.269,-21.41,8.59,11.13,1.81
24.283,-20.21,8.59,11.81,1.49
24.297,-17.11,8.59,12.31,1.44
24.311,-14.31,8.59,12.88,1.54
24.326,-1.79,8.59,12.00,1.65
24.342,1.04,8.59,11.31,1.60
24.355,8.67,8.59,10.50,1.49
24.371,13.08,8.59,8.31,1.65
24.386,15.36,8.59,7.25,1.60
24.400,11.65,8.59,5.63,1.49
24.430,-3.29,8.59,5.63,1.76
24.443,-6.70,8.59,6.13,1.424.457,-18.56,8.59,8.00,1.44
24.472,-22.20,8.59,9.06,1.60
24.488,-30.46,8.59,11.75,1.65
24.502,-30.14,8.59,12.88,1.49
24.532,-30.09,8.59,15.31,1.60
46,-25.11,8.59,15.69,1.49
24.560,-8.54,8.59,15.06,1.49
24.574,-5.74,8.59,14.31,1.49
24.591,6.72,8.59,12.06,1.76
24.604,12.71,8.59,10.63,1.49
24.621,24.61,8.59,7.19,1.70
24.635,28.07,8.59,5.38,1.49
24.648,34.57,8.59,1.69,1.44
24.663,34.34,8.59,0.19,1.54
24.678,26.92,8.59,-1.75,1.70
24.693,24.22,8.59,-2.19,1.5424.707,8.97,8.59,-2.19,1.44
24.722,-0.88,8.59,-0.63,1.65
24.737,-10.06,8.59,0.81,1.60
24.751,-26.34,8.59,4.63,1.49
24.766,-32.05,8.59,6.94,1.49
24.781,-40.43,8.59,11.19,1.65
24.795,-43.91,8.59,13.25,1.44
24.809,-44.04,8.59,16.75,1.49
24.823,-43.75,8.59,18.12,1.54
24.840,-35.12,8.59,19.69,1.76
24.870,-6.28,8.59,18.06,1.76
24.897,16.18,8.59,14.19,1.38
24.911,35.36,8.59,8.94,1.49
24.926,44.16,8.59,6.13,1.49
24.942,50.00,8.59,0.37,1.70
24.955,50.00,8.59,-2.38,1.44
24.972,50.00,8.59,-7.50,1.70
24.999,50.00,8.59,-13.50,1.49
25.029,50.00,8.59,-16.31,1.70
25.058,39.26,8.59,-16.00,1.49
25.088,26.75,8.59,-12.63,1.60
25.102,7.78,8.59,-8.75,1.38
25.116,-7.63,8.59,-6.25,1.49
25.132,-21.30,8.59,-0.44,1.60
25.146,-31.91,8.59,2.88,1.33
25.160,-43.04,8.59,9.25,1.38
25.174,-50.00,8.59,12.56,1.44
25.190,-50.00,8.59,19.25,1.60
25.204,-50.00,8.59,22.50,1.44
25.220,-50.00,8.59,28.69,25.234,-50.00,8.59,31.94,1.49
25.248,-50.00,8.59,35.00,1.49
25.262,-50.00,8.59,40.81,1.54
25.277,-50.00,8.59,44.00,1.54
25.293,-50.00,8.59,51.00,1.76
25.306,-50.00,8.59,54.88,1.49
25.323,-50.00,8.59,64.50,1.70
25.337,-50.00,8.59,70.44,1.49
25.351,-50.00,8.59,87.06,1.44
25.365,-50.00,8.59,93.50,1.38
25.381,-50.00,8.59,91.87,1.65
25.395,-50.00,8.59,90.50,1.38
25.409,-50.00,8.59,87.06,1.38
25.424,-50.00,8.59,85.94,1.54
25.440,-50.00,8.59,85.69,1.60
25.454,-50.00,8.59,91.69,1.38
25.484,-50.00,8.59,96.00,1.54
25.498,-50.00,8.59,96.12,1.38
25.511,-50.00,8.59,96.25,1.38
25.525,-50.00,8.59,96.00,1.44
25.542,-50.00,8.59,92.12,1.70
25.556,-50.00,8.59,91.81,1.38
25.573,-50.00,8.59,93.25,1.70
25.600,-50.00,8.59,93.87,1.38
25.614,-50.00,8.59,93.75,1.49
25.630,-50.00,8.59,92.94,1.54
25.658,-50.00,8.59,92.00,1.44
25.674,-50.00,8.59,92.25,1.60
25.689,-50.00,8.59,92.31,1.54
25.703,-50.00,8.59,92.06,1.49
25.717,-50.00,8.59,92.00,1.38
25.733,-50.00,8.59,91.87,1.70
25.747,-50.00,8.59,91.81,1.44
25.761,-50.00,8.59,91.81,1.44
25.775,-50.00,8.59,91.81,1.54
25.791,-50.00,8.59,91.87,1.70
25.805,-50.00,8.59,91.81,1.44
25.822,-50.00,8.59,91.87,1.70
25.836,-50.00,8.59,91.87,1.49
25.850,-50.00,8.59,91.87,1.49
,-50.00,8.59,91.25,1.44
25.878,-50.00,8.59,91.25,1.49
25.894,-50.00,8.59,91.19,1.76
25.908,-50.00,8.59,91.19,1.44
25.924,-50.00,8.59,91.12,1.70
25.939,-50.00,8.59,91.12,1.54
25.954,-50.00,8.59,91.19,1.65
25.969,-50.00,8.59,91.19,1.54
25.985,-50.00,8.59,91.00,1.70
25.998,-50.00,8.59,90.81,1.44
26.026,-50.00,8.59,90.69,1.49
26.056,-50.00,8.59,90.44,1.54
26.072,-50.00,8.59,90.25,1.65
26.086,-50.00,8.59,90.25,1.54
26.100,-50.00,8.59,90.25,1.49
26.115,-50.00,8.59,90.19,1.65
26.131,-50.00,8.59,90.19,1.65
26.146,-50.00,8.59,90.19,1.60
26.160,-50.00,8.59,90.25,1.49
26.175,-50.00,8.59,90.25,1.65
26.191,-50.00,8.59,90.19,1.65
26.206,-50.00,8.59,90.12,1.65
26.220,-50.00,8.59,90.06,1.5426.235,-50.00,8.59,90.06,1.65
26.249,-50.00,8.59,90.06,1.49
26.263,-50.00,8.59,89.87,1.44
26.277,-50.00,8.59,89.94,1.54
.293,-50.00,8.59,89.94,1.65
26.307,-50.00,8.59,89.94,1.49
26.337,-50.00,8.59,89.94,1.49
26.351,-50.00,8.59,89.94,1.49
26.365,-50.00,8.59,89.94,1.49
26.379,-50.00,8.59,89.87,1.49
26.395,-50.00,8.59,89.87,1.76
26.410,-50.00,8.59,89.87,1.60
26.426,-50.00,8.59,89.87,1.70
26.440,-50.00,8.59,89.94,1.54
26.454,-50.00,8.59,89.94,1.49
26.484,-50.00,8.59,89.94,1.81
26.498,-50.00,8.59,89.87,1.49
26.512,-50.00,8.59,89.87,1.44
26.527,-50.00,8.59,89.87,1.60
26.543,-50.00,8.59,89.81,1.70
26.557,-50.00,-5.73,89.81,1.49
26.572,-50.00,-5.73,89.87,1.70
26.587,-50.00,-5.73,89.87,1.60
26.601,-50.00,-5.73,89.87,1.49
26.616,-50.00,-5.73,89.94,1.65
26.632,-50.00,-5.73,89.87,1.65
26.661,-50.00,-5.73,89.87,1.49
26.691,-50.00,-5.73,89.81,1.60
26.705,-50.00,-5.73,89.81,1.49
26.719,-50.00,-5.73,89.81,1.49
26.736,-50.00,-5.73,89.87,1.81
26.749,-50.00,-5.73,89.87,1.44
26.763,-50.00,-5.73,89.87,1.49
26.778,-50.00,-5.73,89.94,1.60
26.807,-50.00,-5.73,89.81,1.54
26.822,-50.00,-5.73,89.81,1.54
26.837,-50.00,-5.73,89.81,1.65
26.865,-50.00,-5.73,89.81,1.54
26.896,-50.00,-5.73,89.87,1.81
26.910,-50.00,-5.73,89.87,1.54
26.926,-50.00,-5.73,89.94,1.76
26.941,-50.00,-5.73,89.87,1.60
26.955,-50.00,-5.73,89.81,1.49
26.969,-50.00,-5.73,89.81,1.49
26.986,-50.00,-5.73,89.81,1.86
26.999,-50.00,-5.73,89.81,1.49
27.016,-50.00,-5.73,89.81,1.81
27.030,-50.00,-5.73,89.81,1.54
27.047,-50.00,-5.73,89.87,1.81
27.061,-50.00,-5.73,89.87,1.49
27.077,-50.00,-5.73,89.87,1.76
27.104,-50.00,-5.73,89.87,1.49
27.118,-50.00,-5.73,89.81,1.49
27.133,-50.00,-5.73,89.81,1.60
27.148,-50.00,-5.73,89.81,1.65
27.164,-50.00,-5.73,89.81,1.76
27.179,-50.00,-5.73,89.81,1.60
27.195,-50.00,-5.73,89.87,1.76
27.226,-50.00,-5.73,89.87,1.81
27.253,-50.00,-5.73,89.87,1.54
27.268,-50.00,-5.73,89.81,1.60
27.284,-50.00,-5.73,89.81,1.76
27.299,-50.00,-5.73,89.81,1.60
27.315,-50.00,-5.73,89.81,1.70
27.329,-50.00,-5.73,89.87,1.54
27.346,-50.00,-5.73,89.87,1.81
27.360,-50.00,-5.73,89.75,1.49
27.376,-50.00,-5.73,89.62,1.76
27.390,-50.00,-5.73,89.81,1.49
27.404,-50.00,-5.73,90.19,1.49
27.418,-50.00,-5.73,90.56,1.54
27.433,-50.00,-5.73,90.19,1.54
27.448,-50.00,-5.73,89.94,1.70
27.462,-50.00,-5.73,90.06,1.44
27.478,-50.00,-5.73,90.00,1.70
27.493,-50.00,-5.73,90.00,1.60
27.507,-50.00,-5.73,89.94,1.44
27.521,-50.00,-5.73,89.94,1.49
27.551,-50.00,-5.73,89.87,1.44
27.582,-50.00,-5.73,89.87,1.54
27.613,-50.00,-5.73,89.81,1.65
27.629,-50.00,-5.73,89.87,1.65
27.643,-50.00,-5.73,89.87,1.54
27.658,-50.00,-5.73,89.87,1.65
27.672,-50.00,-5.73,89.87,1.49
27.688,-50.00,-5.73,89.87,1.76
27.702,-50.00,-5.73,89.87,1.49
27.718,-50.00,-5.73,89.87,1.76
27.733,-50.00,-5.73,89.87,1.54
27.749,-50.00,-5.73,89.87,1.76
27.762,-50.00,-5.73,89.81,1.49
27.779,-50.00,-5.73,89.81,1.76
27.793,-50.00,-5.73,89.87,1.54
27.807,-50.00,-5.73,89.69,127.821,-50.00,-5.73,89.50,1.54
27.837,-50.00,-5.73,89.87,1.81
27.851,-50.00,-5.73,90.25,1.49
27.865,-50.00,-5.73,90.69,1.49
27.880,-50.00,-5.73,90.50,1.60
27.896,-50.00,-5.73,89.94,27.910,-50.00,-5.73,89.94,1.49
27.940,-50.00,-5.73,89.87,1.54
27.954,-50.00,-5.73,89.94,1.49
27.968,-50.00,-5.73,89.87,1.44
27.981,-50.00,-5.73,89.94,1.49
27.998,-50.00,-5.73,89.94,1.81
28.012,-50.00,-5.73,89.87,1.49
28.029,-50.00,-5.73,89.94,1.76
28.043,-50.00,-5.73,89.94,1.49
28.056,-50.00,-5.73,89.87,1.44
28.071,-50.00,-5.73,89.87,1.54
28.087,-50.00,-5.73,89.87,1.76
28.102,-50.00,-5.73,89.94,1.54
28.115,-50.00,-5.73,89.94,1.49
28.130,-50.00,-5.73,89.94,1.60
28.146,-50.00,-5.73,89.94,1.65
28.161,-50.00,-5.73,89.94,1.60
28.176,-50.00,-5.73,89.87,1.70
28.205,-50.00,-5.73,89.87,1.44
28.233,-50.00,-5.73,89.87,1.49
28.249,-50.00,-5.73,89.94,1.76
28.263,-50.00,-5.73,89.94,1.49
28.279,-50.00,-5.73,89.87,1.76
28.294,-50.00,-5.73,89.94,1.54
28.322,-50.00,-5.73,89.94,1.49
28.352,-50.00,-5.73,89.94,1.49
28.383,-50.00,-5.73,89.87,1.44
28.413,-50.00,-5.73,89.94,1.49
28.430,-50.00,-5.73,90.00,1.76
28.444,-50.00,-5.73,90.00,1.54
28.458,-50.00,-5.73,90.00,1.49
28.472,-50.00,-5.73,90.00,1.54
28.488,-50.00,-5.73,89.94,1.76
28.502,-50.00,-5.73,90.06,1.54
28.516,-50.00,-5.73,90.19,1.49
28.531,-50.00,-5.73,90.44,1.65
28.546,-50.00,-5.73,90.06,1.65
28.560,-50.00,-5.73,89.87,1.44
28.575,-50.00,-5.73,89.56,28.591,-50.00,-5.73,87.87,1.65
28.604,-50.00,-5.73,87.12,1.44
28.618,-50.00,-5.73,86.37,1.44
28.649,-50.00,-5.73,82.69,1.76
28.663,-50.00,-5.73,80.56,1.49
28.679,-50.00,-5.73,75.06,1.81
28.693,-50.00,-5.73,71.81,1.49
28.707,-50.00,-5.73,68.44,1.49
28.721,-50.00,-5.73,63.50,1.54
28.736,-50.00,-5.73,62.56,1.65
28.751,-50.00,-5.73,61.50,1.7028.765,-50.00,-5.73,62.50,1.44
28.796,-50.00,-5.73,68.00,1.60
28.810,-50.00,-5.73,72.06,1.49
28.823,-50.00,-5.73,73.87,1.44
28.840,-50.00,-5.73,76.25,1.86
28.854,-50.00,-5.73,76.87,1.49
28.868,-50.00,-5.73,77.12,1.49
28.883,-50.00,-5.73,77.25,1.60
28.898,-50.00,-5.73,77.87,1.76
28.912,-50.00,-5.73,80.94,1.54
28.928,-50.00,-5.73,84.31,1.70
28.943,-50.00,-5.73,85.44,1.60
28.957,-50.00,-5.73,86.19,1.54
28.971,-50.00,-5.73,86.62,1.54
28.985,-50.00,-5.73,86.69,1.54
29.001,-50.00,-5.73,86.69,1.81
29.015,-50.00,-5.73,86.50,1.54
29.031,-50.00,-5.73,85.94,1.81
29.046,-50.00,-5.73,85.69,1.60
29.059,-50.00,-5.73,85.00,1.54
29.090,-50.00,-5.73,83.81,1.86
29.104,-50.00,-5.73,83.50,1.54
29.118,-50.00,-5.73,82.75,1.54
29.133,-50.00,-5.73,82.25,1.65
29.148,-50.00,-5.73,81.62,1.76
29.162,-50.00,-5.73,80.06,1.54
29.177,-50.00,-5.73,79.12,1.70
29.193,-50.00,-5.73,77.12,1.65
29.206,-50.00,-5.73,75.94,1.54
29.220,-50.00,-5.73,73.56,1.49
29.234,-50.00,-5.73,73.00,1.54
29.265,-50.00,-5.73,74.31,1.54
29.295,-50.00,-5.73,75.37,1.54
29.323,-50.00,-5.73,75.44,1.54
29.338,-50.00,-5.73,75.31,1.70
29.353,-50.00,-5.73,75.31,1.70
29.367,-50.00,-5.73,75.44,1.54
29.383,-50.00,-5.73,75.56,1.70
29.398,-50.00,-5.73,75.50,1.65
29.412,-50.00,-5.73,75.31,1.54
29.425,-50.00,-5.73,75.25,1.54
29.442,-50.00,-5.73,76.12,1.86
29.456,-50.00,-5.73,76.94,1.49
29.469,-50.00,-5.73,78.75,1.54
29.484,-50.00,-5.73,79.94,1.60
29.500,-50.00,-5.73,81.06,1.76
29.530,-50.00,-5.73,83.06,1.70
29.558,-50.00,-5.73,84.44,1.49
29.586,-50.00,-5.73,84.81,1.49
29.603,-50.00,-5.73,84.69,1.81
29.616,-50.00,-5.73,85.12,1.54
29.633,-50.00,-5.73,86.31,1.76
29.647,-50.00,-5.73,86.94,1.60
29.661,-50.00,-5.73,87.62,1.49
29.675,-50.00,-5.73,87.50,1.60
29.691,-50.00,-5.73,87.00,1.81
29.705,-50.00,-5.73,87.25,1.54
29.719,-50.00,-5.73,89.12,1.54
29.734,-50.00,-5.73,90.62,1.65
29.749,-50.00,-5.73,92.12,1.70
29.763,-50.00,-5.73,94.25,1.54
29.794,-50.00,-5.73,94.56,1.65
29.807,-50.00,-5.73,94.37,1.54
29.821,-50.00,-5.73,94.31,1.49
29.835,-50.00,-5.73,94.25,1.54
29.852,-50.00,-5.73,94.19,1.86
29.866,-50.00,-5.73,94.37,1.49
29.882,-50.00,-5.73,94.87,1.92
29.896,-50.00,-5.73,95.19,1.49
29.910,-50.00,-5.73,95.62,1.54
29.924,-50.00,-5.73,96.25,1.54
29.939,-50.00,-5.73,96.50,1.70
29.968,-50.00,-5.73,97.56,1.49
29.999,-50.00,-5.73,97.81,1.65
30.013,-50.00,-5.73,97.19,1.54
30.026,-50.00,-5.73,96.87,1.54
30.043,-50.00,-5.73,97.00,1.86
30.057,-50.00,-5.73,97.37,1.54
30.071,-50.00,-5.73,98.12,1.430.085,-50.00,-5.73,98.44,1.65
30.101,-50.00,-5.73,98.56,1.76
5.245,0.00,0.00,-1.63,0.05
5.258,0.00,0.00,-1.69,0.27
5.274,9.24,0.00,-1.69,0.53
5.288,10.77,0.00,-2.00,0.69
5.302,9.46,0.00,-2.25,0.965.316,9.90,0.00,-2.75,0.80
5.331,14.11,0.00,-3.13,0.85
5.346,18.03,0.00,-4.19,1.01
5.360,15.34,0.00,-4.75,0.96
,16.09,0.00,-5.56,1.06
5.390,14.50,0.00,-5.75,1.06
5.404,12.37,0.00,-5.81,1.06
5.417,10.39,0.00,-5.69,1.06
5.434,6.79,0.00,-5.19,1.44
5.448,5.81,0.00,-4.88,1.22
5.461,5.30,0.00,-4.19,1.28
5.476,6.89,0.00,-3.94,1.44
5.492,9.86,0.00,-3.94,1.54
5.505,16.68,0.00,-4.31,1.33
5.520,20.12,0.00,-4.75,1.44
5.536,22.25,0.00,-5.63,1.49
5.549,22.89,0.00,-6.06,1.33
5.563,17.91,0.00,-6.50,1.38
5.577,13.81,0.00,-6.38,1.44
5.607,13.70,0.00,-5.81,1.44
5.623,7.53,0.00,-5.19,1.65
5.637,3.18,0.00,-4.56,1.44
5.651,0.02,0.00,-3.81,1.44
5.665,-4.98,0.00,-2.06,1.44
5.679,-9.38,0.00,-1.00,1.38
5.695,-18.03,0.00,1.56,1.70
5.709,-19.61,0.00,2.88,1.44
5.725,-22.13,0.00,5.38,1.70
5.739,-25.82,0.00,6.69,1.44
5.753,-28.06,0.00,7.94,1.44
5.767,-31.40,0.00,10.38,1.49
5.782,-31.58,0.00,12.38,1.70
5.797,-31.08,0.00,13.19,1.60
5.811,-27.95,0.00,13.88,1.49
7,-28.08,0.00,14.88,1.70
5.841,-27.58,0.00,15.19,1.65
5.869,-26.45,0.00,15.69,1.49
5.886,-26.15,0.00,15.75,1.81
5.900,-26.18,0.00,15.69,1.49
5.913,-25.57,0.00,15.50,1.49
5.928,-25.77,0.00,15.31,1.54
5.944,-22.38,0.00,14.69,1.70
5.958,-22.53,0.00,14.31,1.49
5.974,-18.60,0.00,13.38,1.705.988,-16.13,0.00,12.69,1.54
6.002,-14.16,0.00,11.94,1.44
6.016,-9.85,0.00,10.19,1.49
6.030,-6.49,0.00,9.13,1.49
,-0.70,0.00,6.81,1.70
6.060,2.23,0.00,5.56,1.44
6.090,10.77,0.00,1.37,1.49
6.104,15.79,0.00,-1.50,1.44
6.118,16.21,0.00,-2.81,1.54
6.134,20.07,0.00,-5.38,1.65
6.148,22.90,0.00,-6.69,1.60
6.162,23.26,0.00,-7.94,1.49
6.192,28.59,0.00,-11.44,1.54
6.206,32.87,0.00,-13.69,1.54
6.220,35.71,0.00,-14.81,1.49
6.237,38.97,0.00,-16.94,1.81
6.250,39.36,0.00,-17.81,1.49
6.279,40.83,0.00,-20.12,1.60
6.295,36.65,0.00,-20.87,1.76
6.309,35.05,0.00,-21.00,1.54
6.325,28.40,0.00,-20.56,1.76
6.339,27.88,0.00,-20.19,1.54
6.353,24.61,0.00,-19.62,1.49
6.367,17.27,0.00,-17.87,1.49
6.380,11.03,0.00,-16.56,1.44
6.397,7.55,0.00,-13.94,1.76
6.411,6.96,0.00,-12.63,1.44
6.427,3.37,0.00,-9.94,1.70
6.441,2.83,0.00,-8.63,1.44
6.468,-0.65,0.00,-4.88,1.44
6.484,-5.89,0.00,-2.31,1.60
6.499,-6.46,0.00,-1.12,1.54
6.512,-11.25,0.00,0.12,1.44
6.528,-17.22,0.00,2.88,1.70
6.543,-21.50,0.00,4.38,1.54
,-29.56,0.00,7.44,1.49
6.570,-35.17,0.00,9.19,1.44
6.587,-45.40,0.00,12.94,1.81
6.601,-46.49,0.00,14.63,1.49
6.615,-50.00,0.00,18.25,1.44
6.629,-50.00,0.00,19.81,1.65
6.659,-50.00,0.00,23.50,1.54
6.675,-50.00,0.00,25.31,1.76.690,-50.00,0.00,26.06,1.65
6.703,-50.00,0.00,26.69,1.44
6.718,-50.00,0.00,28.00,1.54
6.731,-50.00,0.00,28.50,1.38
.748,-50.00,0.00,29.50,1.76
6.762,-50.00,0.00,30.12,1.38
6.778,-50.00,0.00,31.06,1.65
6.792,-50.00,0.00,31.44,1.38
6.806,-50.00,0.00,32.00,1.38
6.820,-50.00,0.00,32.13,1.44
6.836,-50.00,0.00,32.00,1.60
6.850,-50.00,0.00,31.94,1.38
6.864,-50.00,0.00,31.56,1.38
6.879,-50.00,0.00,30.25,1.49
6.894,-50.00,0.00,29.25,1.49
6.908,-37.70,0.00,26.44,1.33
6.922,-29.31,0.00,24.50,1.33
6.939,-11.03,0.00,19.69,1.54
6.952,-0.30,0.00,16.75,1.33
6.966,23.73,0.00,9.63,1.28
6.980,36.37,0.00,5.56,1.38
6.996,50.00,0.00,-3.56,1.49
7.010,50.00,0.00,-8.63,1.28
7.026,50.00,0.00,-19.87,1.38
7.041,50.00,0.00,-26.19,0.85
7.054,50.00,0.00,-33.19,0.90
7.068,50.00,0.00,-50.13,1.12
7.082,50.00,0.00,-60.75,1.17
7.099,50.00,0.00,-81.44,1.60
7.112,50.00,0.00,-81.62,1.33
7.129,50.00,0.00,-77.56,1.65
7.143,50.00,0.00,-75.50,1.38
7.157,50.00,0.00,-71.50,1.44
7.171,50.00,0.00,-69.56,1.49
7.201,50.00,0.00,-65.62,0.64
7.215,50.00,0.00,-68.50,0.80
7.230,50.00,0.00,-78.50,1.12
7.259,50.00,0.00,-88.87,1.28
7.273,-50.00,0.00,268.94,1.33
7.289,-50.00,8.59,265.81,1.60
7.303,-50.00,8.59,265.44,1.38
7.317,-50.00,8.59,266.44,1.38
7.331,-50.00,8.59,268.13,1.44
7.347,50.00,8.59,-86.37,1.54
7.361,50.00,8.59,-82.19,1.06
7.377,50.00,8.59,-75.94,1.17
7.391,50.00,8.59,-76.62,1.17.405,50.00,8.59,-77.12,1.17
7.419,50.00,8.59,-76.31,1.17
7.433,50.00,8.59,-76.87,1.17
7.450,50.00,8.59,-77.87,1.54
7.463,50.00,8.59,-78.69,1.28
7.480,50.00,8.59,-79.62,1.60
7.493,50.00,8.59,-79.50,1.38
7.507,50.00,8.59,-79.31,1.38
7.521,50.00,8.59,-79.12,1.44
7.537,50.00,8.59,-79.19,1.70
7.566,50.00,8.59,-79.19,1.54
7.581,50.00,8.59,-79.19,17.596,50.00,8.59,-79.19,1.65
7.610,50.00,8.59,-79.19,1.54
7.624,50.00,8.59,-79.19,1.60
7.640,50.00,8.59,-79.19,1.81
7.654,50.00,8.59,-79.19,1.54
7.670,50.00,8.59,-79.19,1.81
5,50.00,8.59,-79.19,1.65
7.701,50.00,8.59,-79.19,1.81
7.731,50.00,8.59,-80.19,1.81
7.744,50.00,8.59,-80.50,1.54
7.758,50.00,8.59,-81.12,1.60
7.788,50.00,8.59,-81.94,1.76
7.803,50.00,8.59,-82.25,17.818,50.00,8.59,-82.75,1.76
7.833,50.00,8.59,-83.00,1.60
7.848,50.00,8.59,-83.44,1.70
7.863,50.00,8.59,-83.69,1.60
7.878,50.00,8.59,-84.06,1.76
7.893,50.00,8.59,-84.25,1.65
06,50.00,8.59,-84.44,1.49
7.922,50.00,8.59,-84.81,1.70
,50.00,8.59,-84.94,1.60
7.952,50.00,8.59,-85.25,1.76
7.966,50.00,8.59,-85.44,1.54
7.981,50.00,8.59,-85.44,1.70
7.997,50.00,8.59,-85.44,1.70
8.012,50.00,8.59,-85.75,1.65
8.026,50.00,8.59,-85.87,1.54
8.041,50.00,8.59,-86.12,1.76
8.055,50.00,8.59,-86.25,1.54
8.071,50.00,8.59,-86.44,1.76
8.085,50.00,8.59,-86.50,1.49
8.101,50.00,8.59,-86.75,1.76
8.115,50.00,8.59,-86.75,1.49
8.131,50.00,8.59,-86.94,1.81
8.145,50.00,8.59,-86.94,1.54
8.160,50.00,8.59,-86.94,1.70
8.174,50.00,8.59,-86.94,1.49
8.191,50.00,8.59,-86.94,1.86
8.205,50.00,8.59,-86.94,1.49
8.235,50.00,8.59,-86.94,1.54
8.252,50.00,8.59,-87.06,1.81
8.265,50.00,8.59,-87.12,1.49
8.280,50.00,8.59,-87.25,1.65
8.294,50.00,8.59,-87.25,1.54
8.323,50.00,8.59,-87.31,1.70
8.337,50.00,8.59,-87.37,1.54
8.353,50.00,8.59,-87.31,1.54
8.367,50.00,8.59,-87.25,1.33
8.397,50.00,8.59,-87.56,1.44
8.411,50.00,8.59,-88.50,1.38
8.424,50.00,8.59,-88.31,1.38
8.441,50.00,8.59,-88.25,1.70
8.455,50.00,8.59,-88.06,1.33
8.483,50.00,8.59,-87.12,1.49
8.499,50.00,8.59,-86.69,1.54
8.513,50.00,8.59,-84.81,1.38
8.527,50.00,8.59,-83.56,1.44
8.543,50.00,8.59,-80.06,1.54
8.556,50.00,8.59,-77.87,18.570,50.00,8.59,-73.00,1.17
8.584,50.00,8.59,-70.44,1.06
8.601,50.00,8.59,-65.62,1.38
8.614,50.00,8.59,-63.25,1.22
8.631,50.00,8.59,-57.44,1.44
8.645,50.00,8.59,-54.00,1.28
8.672,50.00,8.59,-44.44,1.28
8.686,50.00,8.59,-41.25,1.33
8.703,50.00,8.59,-34.69,1.60
8.716,50.00,8.59,-31.37,1.33
8.733,31.10,8.59,-24.00,1.60
8.747,21.99,8.59,-20.06,1.38
8.760,10.00,8.59,-12.44,1.38
8.774,8.98,8.59,-9.13,1.38
8.790,9.76,8.59,-3.69,1.60
8.805,10.26,8.59,-1.44,1.49
8.818,3.50,8.59,0.88,1.38
8.834,-8.18,8.59,5.88,1.54
8.848,-15.49,8.59,8.50,1.44
8.862,-32.99,8.59,14.19,1.33
8.876,-32.72,8.59,16.62,1.33
8.892,-25.41,8.59,20.06,1.60
8.920,-29.30,8.59,23.31,1.38
8.935,-31.31,8.59,24.37,1.49
8.950,-29.13,8.59,25.87,1.60
8.964,-27.97,8.59,26.25,1.448.980,-31.76,8.59,27.12,1.60
8.995,-34.16,8.59,27.62,1.49
008,-36.46,8.59,28.06,1.44
9.022,-41.93,8.59,29.12,1.44
9.052,-50.00,8.59,31.56,1.76
9.083,-50.00,8.59,34.81,1.76
9.097,-50.00,8.59,35.50,1.44
9.110,-50.00,8.59,36.00,1.44
9.124,-50.00,8.59,36.06,1.49
9.139,-50.00,8.59,35.94,1.60
9.155,-50.00,8.59,36.69,1.65
9.168,-50.00,8.59,37.63,1.44
9.184,-50.00,8.59,39.13,1.70
9.199,-50.00,8.59,39.44,1.54
9.213,-50.00,8.59,39.00,1.49
9.226,-50.00,8.59,38.38,1.44
9.243,-50.00,8.59,37.44,1.81
9.257,-50.00,8.59,37.06,1.44
9.270,-50.00,8.59,37.13,1.49
9.285,-50.00,8.59,37.75,1.54
9.301,-50.00,8.59,38.94,1.65
9.329,-50.00,8.59,42.75,1.54
9.345,-50.00,8.59,42.69,1.65
9.358,-50.00,8.59,42.06,1.49
9.372,-50.00,8.59,40.50,1.44
9.386,-50.00,8.59,39.63,1.54
9.403,-50.00,8.59,38.19,1.70
9.416,-50.00,8.59,37.88,1.49
9.433,-50.00,8.59,38.94,1.76
9.447,-50.00,8.59,39.75,1.49
9.460,-50.00,8.59,40.19,1.44
9.474,-50.00,8.59,39.81,1.49
9.488,-50.00,8.59,39.38,1.49
9.505,-50.00,8.59,39.06,1.76
9.518,-50.00,8.59,39.31,1.49
9.548,-50.00,8.59,41.13,1.49
9.562,-50.00,8.59,42.94,1.49
9.576,-50.00,8.59,43.75,1.49
9.591,-50.00,8.59,44.94,1.65
9.606,-50.00,8.59,45.44,1.65
9.620,-50.00,8.59,45.88,1.49
9.635,-50.00,8.59,47.31,1.70
9.650,-50.00,8.59,48.06,1.60
9.664,-50.00,8.59,49.13,1.54
9.678,-50.00,8.59,49.38,1.49
9.694,-50.00,8.59,49.50,1.81
2.514,0.00,0.00,78.06,0.05
2.529,0.00,0.00,78.00,0.05
2.556,0.00,0.00,77.81,0.11
2.571,0.00,0.00,77.81,0.11
2.586,0.00,0.00,77.87,0.11
2.600,0.00,0.00,78.06,0.11
2.614,0.00,0.00,78.19,0.05
2.641,0.00,0.00,78.75,0.16
2.655,0.00,0.00,78.94,0.32
2.670,0.00,0.00,79.06,0.37
2.684,0.00,0.00,79.19,0.43
2.698,0.00,0.00,79.12,0.48
2.728,-50.00,0.00,78.62,0.80
2.742,-50.00,0.00,78.44,0.96
2.756,-50.00,0.00,78.00,0.74
2.771,-50.00,0.00,77.62,0.80
2.786,-50.00,0.00,77.25,0.96
2.800,-50.00,0.00,76.31,0.90
2.815,-50.00,0.00,75.87,0.96
2.830,-50.00,0.00,75.37,1.06
2.844,-50.00,0.00,75.19,0.96
2.858,-50.00,0.00,74.87,1.06
2.872,-50.00,0.00,74.75,1.17
2.889,-50.00,0.00,74.81,1.38
2.919,-50.00,0.00,75.37,1.49
2.933,-50.00,0.00,75.50,1.17
2.947,-50.00,0.00,75.75,1.22
2.961,-50.00,0.00,76.12,1.22
2.976,-50.00,0.00,76.12,1.33
2.991,-50.00,0.00,77.19,1.38
3.005,-50.00,0.00,76.50,1.22
3.021,-50.00,0.00,75.87,1.44
3.036,-50.00,0.00,74.19,1.28
3.049,-50.00,0.00,69.44,1.22
3.080,-50.00,0.00,57.25,1.54
3.094,-45.82,0.00,51.88,1.22
3.107,-6.19,0.00,39.63,1.06
3.122,18.93,0.00,32.38,0.64
3.138,50.00,0.00,24.94,0.90
3.152,50.00,0.00,9.50,1.01
3.167,50.00,0.00,-6.94,1.28
3.182,50.00,0.00,-13.81,1.38
3.196,50.00,0.00,-16.19,1.28
3.209,-30.76,0.00,-12.63,1.33
3.223,-39.11,0.00,-10.25,1.22
3.240,-47.29,0.00,-5.88,1.06
3.254,-15.99,0.00,-6.19,0.80
3.270,28.02,0.00,-9.63,1.12
3.298,50.00,0.00,-16.00,1.17
3.312,41.14,0.00,-19.56,1.22
3.327,13.79,0.00,-17.56,1.38
3.342,16.82,0.00,-16.31,1.49
3.356,31.00,0.00,-17.25,1.33
3.372,45.99,0.00,-21.75,1.54
3.386,38.20,0.00,-22.87,1.38
3.400,29.16,0.00,-22.37,13.414,36.12,0.00,-22.62,1.33
3.431,50.00,0.00,-24.56,1.65
3.444,50.00,0.00,-25.50,1.33
3.458,50.00,0.00,-28.00,1.38
3.473,50.00,0.00,-28.62,1.49
3.489,50.00,0.00,-29.12,1.60
3.502,50.00,0.00,-30.69,1.44
3.518,50.00,0.00,-32.94,1.54
3.546,50.00,0.00,-32.56,1.44
3.560,50.00,0.00,-32.50,1.44
3.574,50.00,0.00,-32.44,1.38
3.591,50.00,0.00,-32.38,1.76
3.604,50.00,0.00,-32.13,1.44
3.621,50.00,0.00,-32.69,1.76
3.635,50.00,0.00,-33.19,1.33
3.649,50.00,0.00,-32.81,1.06
3.663,50.00,0.00,-30.25,0.96
3.678,50.00,0.00,-28.62,1.17
3.693,39.08,0.00,-23.87,1.33
3.707,33.02,0.00,-21.06,1.28
3.722,27.64,0.00,-17.00,1.49
3.737,20.82,0.00,-15.19,1.44
3.765,-11.31,0.00,-7.31,1.38
3.795,-33.60,0.00,2.31,1.38
3.809,-50.00,0.00,9.94,1.33
3.824,-50.00,0.00,14.06,1.49
3.839,-50.00,0.00,23.19,1.60
3.853,-50.00,0.00,28.19,1.38
3.869,-50.00,0.00,39.44,1.54
3.883,-50.00,0.00,45.50,1.49
3.897,-50.00,0.00,51.25,1.38
3.911,-50.00,0.00,61.88,1.44
3.925,-50.00,0.00,66.31,1.38
3.942,-50.00,0.00,74.06,1.81
3.956,-50.00,0.00,77.69,1.38
3.986,-50.00,0.00,88.44,1.44
4.000,-50.00,0.00,95.25,1.44
4.014,-50.00,0.00,98.31,1.54
4.030,-50.00,0.00,102.94,1.65
4.045,-50.00,0.00,104.62,1.60
4.058,-50.00,0.00,105.69,1.44
4.074,-50.00,0.00,108.44,1.65
4.089,-50.00,0.00,110.50,1.65
4.103,-50.00,0.00,114.62,1.49
4.118,-50.00,0.00,116.44,1.54
4.134,-50.00,0.00,120.00,1.65
4.147,-50.00,0.00,121.81,1.44.161,-50.00,0.00,125.00,1.44
4.175,-50.00,0.00,126.31,1.49
4.192,-50.00,0.00,128.06,1.81
4.206,-50.00,0.00,128.56,1.44
4.223,-50.00,0.00,129.06,1.81
4.236,-50.00,0.00,129.00,1.49
4.250,-50.00,0.00,128.69,1.44
4.264,-50.00,0.00,126.87,1.49
79,-50.00,0.00,124.81,1.60
4.295,-50.00,0.00,124.31,1.65
4.324,-50.00,0.00,124.25,1.70
4.339,-50.00,0.00,124.12,1.60
4.353,-50.00,0.00,123.75,1.54
4.367,-50.00,0.00,123.75,1.38
4.383,-50.00,0.00,123.37,1.22
4.397,-50.00,0.00,122.19,0.85
4.411,-50.00,0.00,119.50,1.01
4.425,-50.00,0.00,118.37,1.12
4.441,-50.00,0.00,116.94,1.28
4.455,-50.00,0.00,116.75,1.17
4.471,-50.00,0.00,116.75,1.33
4.485,-50.00,0.00,116.56,1.17
4.499,-50.00,0.00,115.94,1.17
4.527,-50.00,0.00,114.12,1.22
4.544,-50.00,0.00,113.44,4.558,-50.00,0.00,113.12,1.33
4.574,-50.00,0.00,112.62,1.60
4.588,-50.00,0.00,112.37,1.44
4.602,-50.00,0.00,111.56,1.44.616,-50.00,0.00,111.12,1.49
4.633,-50.00,0.00,110.44,1.70
4.647,-50.00,0.00,110.37,1.54
4.660,-50.00,0.00,110.31,1.44
4.675,-50.00,0.00,110.37,1.65
4.691,-50.00,0.00,110.62,1.70
4.705,-50.00,0.00,111.56,1.49
4.720,-50.00,8.59,112.56,1.65
4.735,-50.00,8.59,112.87,1.60
4.749,-50.00,8.59,113.06,1.49
4.763,-50.00,8.59,112.56,1.44
4.777,-50.00,8.59,111.75,1.49
4.794,-50.00,8.59,109.56,1.86
4.808,-50.00,8.59,108.75,1.49
4.824,-50.00,8.59,107.87,1.76
4.838,-50.00,8.59,107.56,1.49
4.852,-50.00,8.59,107.37,1.49
4.866,-50.00,8.59,107.37,1.54
4.881,-50.00,8.59,107.00,1.70
4.896,-50.00,8.59,106.62,1.60
4.910,-50.00,8.59,106.25,1.49
4.925,-50.00,8.59,106.00,1.65
4.940,-50.00,8.59,106.06,1.60
4.954,-50.00,8.59,106.37,1.54
3.667,0.00,0.00,-1.94,0.05
3.682,0.00,0.00,-1.50,0.21
3.696,0.00,0.00,-1.25,0.37
3.709,0.00,0.00,-0.37,0.48
3.724,-0.85,0.00,-0.31,0.64
3.739,-2.87,0.00,-0.06,0.90
3.753,-3.53,0.00,0.31,1.06
3.768,-2.73,0.00,0.50,1.01
3.783,-2.00,0.00,0.63,1.01
3.797,-0.36,0.00,0.56,1.01
3.811,-0.36,0.00,0.44,1.01
3.841,1.93,0.00,0.06,1.33
3.855,2.05,0.00,-0.06,1.12
3.871,-0.21,0.00,-0.12,1.38
3.885,-3.29,0.00,0.06,1.17
3.898,-2.33,0.00,0.19,1.28
3.913,-3.25,0.00,0.44,1.28
3.943,-1.10,0.00,0.50,1.49
3.973,3.82,0.00,0.00,1.49
3.986,5.39,0.00,-0.31,1.33
4.000,7.72,0.00,-1.06,1.28
4.014,10.03,0.00,-1.56,1.33
4.044,15.17,0.00,-3.19,1.44
4.058,16.72,0.00,-3.75,1.33
4.074,17.69,0.00,-4.81,1.54
4.088,17.08,0.00,-5.19,1.49
4.102,14.57,0.00,-5.56,1.38
4.116,13.55,0.00,-5.63,1.384.132,11.65,0.00,-5.50,1.70
4.146,11.54,0.00,-5.38,1.38
4.160,10.25,0.00,-5.13,1.38
4.175,9.62,0.00,-4.94,1.49
4.204,9.58,0.00,-4.44,1.44
4.234,8.38,0.00,-3.75,1.60
4.248,7.16,0.00,-3.50,1.44
4.262,4.22,0.00,-2.81,1.38
4.276,5.57,0.00,-2.56,1.44
4.306,1.04,0.00,-1.44,1.38
4.322,0.83,0.00,-0.69,1.65
4.336,2.13,0.00,-0.44,1.49
4.350,3.00,0.00,-0.31,1.38
4.363,6.32,0.00,-0.25,1.38
4.377,5.82,0.00,-0.31,1.44
4.394,7.52,0.00,-0.44,1.70
4.407,8.77,0.00,-0.63,1.44
4.424,9.48,0.00,-0.94,1.70
4.437,11.34,0.00,-1.19,1.38
4.465,7.97,0.00,-1.56,1.44
4.495,8.89,0.00,-1.56,1.60
4.509,6.33,0.00,-1.44,1.38
4.525,7.06,0.00,-1.25,1.60
4.539,6.39,0.00,-1.12,1.49
4.552,4.69,0.00,-0.81,1.44
4.566,5.01,0.00,-0.69,1.38
4.582,4.26,0.00,-0.44,1.70
4.597,2.83,0.00,-0.19,1.49
4.610,5.21,0.00,-0.06,1.34.625,3.73,0.00,0.06,1.54
4.640,2.80,0.00,0.25,1.60
4.654,4.08,0.00,0.44,1.38
4.668,2.00,0.00,0.63,1.44
4.684,1.41,0.00,0.94,1.70
4.698,1.57,0.00,1.06,1.38
4.712,0.50,0.00,1.37,1.444.726,0.31,0.00,1.50,1.54
4.742,1.19,0.00,1.63,1.60
4.756,0.79,0.00,1.69,1.44
4.771,1.97,0.00,1.75,1.60
4.800,1.40,0.00,1.75,1.38
4.813,1.30,0.00,1.81,1.44
4.827,1.78,0.00,1.75,1.44
4.844,1.04,0.00,1.75,1.70
4.858,1.64,0.00,1.69,1.38
4.874,1.48,0.00,1.63,1.76
4.888,1.34,0.00,1.63,1.4.902,1.77,0.00,1.63,1.44
4.916,2.02,0.00,1.50,1.49
4.931,2.43,0.00,1.37,1.54
4.946,2.27,0.00,1.25,1.60
4.960,2.59,0.00,1.19,1.38
4.976,2.81,0.00,1.06,1.65
4.990,3.64,0.00,0.94,1.54
5.004,4.79,0.00,0.63,1.38
5.018,4.54,0.00,0.50,1.44
5.034,6.61,0.00,0.12,1.70
5.048,6.97,0.00,-0.12,1.44
5.062,8.83,0.00,-0.56,1.44
5.077,9.99,0.00,-0.88,1.60
5.092,11.31,0.00,-1.19,1.54
5.106,12.72,0.00,-1.88,1.44
5.120,11.71,0.00,-2.19,1.44
5.136,10.93,0.00,-2.50,1.70
5.150,11.32,0.00,-2.63,1.38
5.163,8.70,0.00,-2.63,1.44
5.178,8.31,0.00,-2.56,1.49
5.207,7.07,0.00,-2.13,1.44
5.223,4.07,0.00,-1.63,1.65
5.238,3.74,0.00,-1.31,1.54
5.251,4.29,0.00,-1.12,1.44
65,2.33,0.00,-0.63,1.38
5.279,1.59,0.00,-0.31,1.38
5.309,1.30,0.00,0.31,1.38
5.326,2.78,0.00,0.50,15.339,2.77,0.00,0.63,1.44
5.353,3.62,0.00,0.69,1.44
5.367,4.91,0.00,0.63,1.44
5.382,4.06,0.00,0.56,1.54
5.397,5.26,0.00,0.50,1.5.411,5.77,0.00,0.37,1.44
5.427,5.96,0.00,0.19,1.65
5.441,6.13,0.00,0.12,1.49
5.455,7.49,0.00,-0.19,1.38
5.485,9.05,0.00,-0.69,1.76
5.499,10.37,0.00,-0.88,1.44
5.513,8.64,0.00,-1.12,1.44
5.528,9.22,0.00,-1.19,1.54
5.543,8.80,0.00,-1.25,1.60
5.557,7.86,0.00,-1.31,1.44
5.571,6.34,0.00,-1.25,1.44
5.587,4.96,0.00,-1.00,1.65
5.600,3.79,0.00,-0.75,1.38
5.614,2.77,0.00,-0.31,1.44
5.628,2.38,0.00,-0.12,1.49
5.644,1.17,0.00,0.37,1.65
5.658,2.83,0.00,0.50,1.44
5.673,2.23,0.00,0.75,1.60
5.688,2.55,0.00,0.81,1.54
5.702,3.16,0.00,0.88,1.44
5.716,4.34,0.00,0.81,1.44
5.729,4.25,8.59,0.81,1.44
5.746,5.48,8.59,0.69,1.70
5.760,5.89,8.59,0.63,1.38
5.776,6.64,8.59,0.56,1.70
5.790,9.48,8.59,0.31,1.44
5.803,8.89,8.59,0.19,1.38
5.817,10.60,8.59,-0.12,1.44
5.831,10.50,8.59,-0.31,1.49
5.848,9.50,8.59,-0.44,1.70
5.861,7.86,8.59,-0.31,1.38
5.877,7.99,8.59,-0.12,1.70
5.891,6.32,8.59,0.06,1.44
5.919,3.28,8.59,1.00,1.49
5.935,-0.68,8.59,1.88,1.60
5.949,-0.07,8.59,2.31,1.54
5.963,-1.12,8.59,2.75,1.38
5.978,-2.67,8.59,3.63,1.60
5.993,-3.77,8.59,4.13,1.54
6.007,-4.80,8.59,4.94,1.38
6.020,-5.48,8.59,5.38,1.44
6.037,-6.04,8.59,6.13,1.70
6.050,-9.13,8.59,6.63,1.38
6.064,-12.64,8.59,7.81,1.44
6.079,-13.03,8.59,8.31,1.54
6.094,-15.18,8.59,8.94,1.546.108,-16.07,8.59,10.06,1.44
6.122,-16.11,8.59,10.50,1.44
6.138,-15.33,8.59,11.13,1.70
6.152,-13.86,8.59,11.25,1.44
6.165,-12.58,8.59,11.31,1.49
6.180,-12.37,8.59,11.38,1.49
6.196,-10.53,8.59,11.19,1.65
6.210,-10.36,8.59,11.06,1.44
6.226,-12.58,8.59,11.00,1.65
6.240,-11.49,8.59,10.94,1.49
6.254,-11.98,8.59,10.88,1.44
6.268,-12.38,8.59,10.88,1.44
6.281,-13.43,8.59,10.88,1.38
6.298,-12.63,8.59,10.81,1.76
6.312,-13.28,8.59,10.81,1.44
6.328,-12.98,8.59,10.75,1.70
6.342,-12.74,8.59,10.69,1.49
6.356,-12.61,8.59,10.63,1.38
6.370,-12.92,8.59,10.56,1.44
6.386,-14.53,8.59,10.63,1.65
6.400,-13.38,8.59,10.56,1.49
6.414,-12.67,8.59,10.50,1.44
6.430,-13.27,8.59,10.38,1.60
6.445,-13.52,8.59,10.38,1.54
6.459,-11.62,8.59,10.13,1.44
6.472,-12.23,8.59,10.00,1.49
6.489,-10.50,8.59,9.69,1.70
6.502,-9.65,8.59,9.44,1.38
6.516,-9.08,8.59,9.06,1.44
6.531,-8.52,8.59,8.88,1.44
6.546,-7.49,8.59,8.56,1.65
6.560,-6.52,8.59,8.06,1.38
6.575,-3.53,8.59,7.44,1.60
6.590,-3.66,8.59,7.13,1.54
6.604,-2.95,8.59,6.81,1.38
6.617,0.23,8.59,6.00,1.44
6.631,0.89,8.59,5.63,1.44
6.648,1.33,8.59,4.94,1.70
6.661,1.74,8.59,4.63,1.44
6.677,1.29,8.59,4.13,1.65
6.691,-0.02,8.59,4.06,1.44
6.705,-2.50,8.59,4.06,16.719,-3.91,8.59,4.31,1.49
6.733,-4.09,8.59,4.50,1.44
6.750,-4.66,8.59,4.81,1.70
6.763,-6.55,8.59,5.13,1.44
6.779,-8.31,8.59,5.75,1.65
6.793,-8.96,8.59,6.06,1.49
6.807,-12.65,8.59,6.88,1.44
6.821,-12.82,8.59,7.31,1.44
6.837,-13.54,8.59,8.00,1.65
6.851,-13.62,8.59,8.38,1.54
6.865,-11.64,8.59,8.63,1.38
6.881,-10.31,8.59,8.88,1.60
6.895,-10.93,8.59,8.94,1.54
6.909,-7.59,8.59,8.75,1.44
6.923,-6.52,8.59,8.56,1.44
6.939,-6.11,8.59,8.25,1.76
6.953,-4.53,8.59,8.06,1.38
6.967,-3.16,8.59,7.56,1.446.981,-1.98,8.59,7.25,1.54
6.997,-1.79,8.59,7.00,1.60
7.011,-2.77,8.59,6.56,1.44
7.025,-4.60,8.59,6.56,1.49
7.041,-5.15,8.59,6.63,1.60
7.054,-7.39,8.59,6.75,1.44
7.068,-9.07,8.59,7.13,1.38
7.082,-8.69,8.59,7.31,1.49
7.098,-12.55,8.59,7.88,1.65
7.112,-12.84,8.59,8.19,1.49
7.128,-13.43,8.59,8.81,1.65
7.142,-12.53,8.59,9.00,1.49
7.156,-11.90,8.59,9.13,1.38
7.170,-12.38,8.59,9.38,1.49
7.184,-12.46,8.59,9.50,1.38
7.200,-9.05,8.59,9.44,1.70
7.214,-9.21,8.59,9.38,1.44
7.230,-9.07,8.59,9.19,1.70
7.244,-7.54,8.59,9.06,1.38
7.257,-7.86,8.59,8.88,1.44
7.271,-5.81,8.59,8.56,1.44
7.286,-5.02,8.59,8.31,1.54
7.315,-2.60,8.59,7.56,1.38
7.345,-4.60,8.59,7.00,1.44
7.359,-5.82,8.59,7.06,1.38
7.372,-4.28,8.59,6.94,1.44
7.388,-7.36,8.59,7.06,1.65
7.403,-6.53,8.59,7.13,1.49
7.416,-7.31,8.59,7.19,1.44
7.432,-8.64,8.59,7.50,1.60
7.446,-8.83,8.59,7.63,1.54
7.460,-8.29,8.59,7.88,1.44
7.474,-8.86,8.59,8.00,1.38
7.490,-9.52,8.59,8.31,1.70
7.504,-10.21,8.59,8.44,1.44
7.517,-11.39,8.59,8.75,1.38
7.532,-9.85,8.59,8.81,1.54
7.548,-12.43,8.59,8.94,1.65
7.562,-11.98,8.59,9.25,1.44
7.576,-10.93,8.59,9.38,1.54
7.606,-12.31,8.59,9.56,1.44
7.619,-8.71,8.59,9.44,1.44
7.634,-9.34,8.59,9.38,1.49
7.650,-8.99,8.59,9.25,1.65
7.664,-8.55,8.59,9.13,1.44
7.680,-9.26,8.59,9.00,1.70
7.694,-6.62,8.59,8.81,1.44
7.707,-6.24,8.59,8.63,1.44
7.722,-6.50,8.59,8.31,7.736,-5.57,8.59,8.25,1.49
7.752,-5.38,8.59,7.88,1.70
7.766,-5.60,8.59,7.75,1.44
7.782,-6.24,8.59,7.63,1.70
7.796,-5.77,8.59,7.56,1.44
7.809,-7.39,8.59,7.63,1.44
7.824,-6.62,8.59,7.56,1.7.839,-8.07,8.59,7.69,1.65
7.854,-7.70,8.59,7.75,1.54
7.868,-7.50,8.59,7.81,1.44
7.883,-8.08,8.59,7.94,1.60
7.898,-9.87,8.59,8.06,1.54
7.912,-8.89,8.59,8.19,1.49
7.925,-10.16,8.59,8.38,1.44
7.942,-10.35,8.59,8.56,1.70
7.955,-11.67,8.59,8.75,1.44
7.969,-13.77,8.59,9.19,1.44
7.984,-13.87,8.59,9.44,1.54
8.000,-13.56,8.59,9.63,1.65
8.013,-14.41,8.59,10.00,1.44
8.029,-14.07,8.59,10.31,1.60
8.044,-13.97,8.59,10.38,1.60
8.071,-13.96,8.59,10.63,1.44
8.101,-14.29,8.59,10.69,1.70
8.115,-15.42,8.59,10.81,1.44
8.132,-16.09,8.59,10.94,1.76
8.145,-16.38,8.59,11.06,1.44
8.159,-15.41,8.59,11.13,1.44
8.173,-17.66,8.59,11.31,1.44
8.187,-17.22,8.59,11.44,1.49
8.203,-17.02,8.59,11.56,1.78.217,-16.24,8.59,11.56,1.49
8.233,-14.67,8.59,11.38,1.70
8.247,-13.75,8.59,11.19,1.49
8.261,-12.24,8.59,10.75,1.38
8.291,-9.83,8.59,10.00,1.70
8.305,-8.77,8.59,9.69,1.54
8.319,-7.94,8.59,9.31,1.38
8.334,-8.18,8.59,8.75,1.60
8.349,-7.83,8.59,8.50,1.60
8.363,-8.20,8.59,8.13,1.44
8.377,-8.25,8.59,8.00,1.44
8.393,-7.53,8.59,7.75,1.70
8.407,-7.29,8.59,7.63,1.44
8.420,-7.70,8.59,7.38,1.44
8.435,-8.20,8.59,7.31,1.49
8.451,-6.51,8.59,7.25,1.65
8.464,-7.52,8.59,7.06,1.44
8.479,-5.88,8.59,6.94,1.54
8.495,-5.63,8.59,6.69,1.60
.508,-4.66,8.59,6.56,1.44
8.522,-4.85,8.59,6.38,1.44
8.552,-3.53,8.59,6.00,1.70
8.566,-3.12,8.59,5.88,1.44
8.582,-4.72,8.59,5.75,1.70
8.596,-4.95,8.59,5.81,1.44
8.610,-4.65,8.59,5.81,1.44
8.624,-5.73,8.59,5.94,1.49
8.638,-6.39,8.59,6.06,1.44
8.654,-6.42,8.59,6.31,1.70
8.668,-8.68,8.59,6.50,1.44
8.684,-9.45,8.59,7.00,1.65
8.698,-10.59,8.59,7.25,1.49
8.712,-10.64,8.59,7.69,1.44
8.726,-10.80,8.59,7.94,1.44
8.742,-12.46,8.59,8.38,1.65
8.756,-12.46,8.59,8.56,1.54
8.770,-11.77,8.59,8.75,1.38
8.785,-12.05,8.59,9.06,1.65
8.800,-13.53,8.59,9.25,1.54
8.814,-11.78,8.59,9.44,1.44
8.827,-12.98,8.59,9.56,1.44
8.844,-13.27,8.59,9.81,1.76
8.858,-13.51,8.59,9.88,1.44
8.871,-13.55,8.59,10.06,1.44
8.886,-15.30,8.59,10.25,1.49
8.902,-15.88,8.59,10.44,1.65
8.916,-17.03,8.59,10.81,1.44
8.931,-17.57,8.59,11.19,1.60
8.946,-18.19,8.59,11.38,1.60
8.960,-20.02,8.59,11.63,1.44
8.973,-20.27,8.59,12.00,1.44
9.004,-18.88,8.59,12.25,1.76
9.018,-17.46,8.59,12.19,1.44
9.034,-14.35,8.59,11.81,1.81
9.048,-13.91,8.59,11.56,19.062,-11.67,8.59,11.25,1.44
9.076,-9.58,8.59,10.56,1.44
9.090,-7.10,8.59,10.13,1.54
9.106,-5.92,8.59,9.19,1.65
9.120,-5.48,8.59,8.75,1.38
9.135,-3.61,8.59,7.94,1.65
9.149,-4.35,8.59,7.56,1.49
9.163,-6.63,8.59,7.19,1.44
9.177,-9.09,8.59,7.19,1.44
9.193,-9.99,8.59,7.31,1.60
9.207,-11.64,8.59,7.44,1.54
9.221,-12.08,8.59,7.63,1.38
9.236,-13.57,8.59,8.06,1.60
9.251,-15.54,8.59,8.31,1.54
9.265,-14.68,8.59,8.81,1.44
9.279,-13.93,8.59,8.94,1.44
9.295,-13.63,8.59,9.13,1.70
9.309,-12.03,8.59,9.13,1.44
9.322,-12.28,8.59,9.06,1.44
9.337,-11.12,8.59,9.00,1.54
9.353,-10.89,8.59,8.81,1.65
9.367,-10.85,8.59,8.75,19.382,-10.05,8.59,8.63,1.54
9.397,-9.53,8.59,8.50,1.54
9.411,-10.08,8.59,8.44,1.44
9.424,-9.81,8.59,8.31,1.44
9.454,-9.77,8.59,8.06,1.70
9.468,-8.34,8.59,7.94,1.44
9.485,-7.76,8.59,7.75,1.70
9.498,-8.02,8.59,7.63,1.449.512,-6.91,8.59,7.50,1.38
9.526,-7.50,8.59,7.31,1.49
9.556,-6.88,8.59,7.19,1.65
9.570,-7.48,8.59,7.13,1.44
9.586,-9.26,8.59,7.25,1.70
9.600,-8.05,8.59,7.25,1.49
9.614,-10.00,8.59,7.44,1.44
9.628,-10.51,8.59,7.56,1.49
9.644,-10.33,8.59,7.75,1.65
9.659,-10.98,8.59,7.88,1.54
9.672,-11.75,8.59,8.06,1.38
9.688,-11.44,8.59,8.31,1.60
9.703,-11.99,8.59,8.44,1.60
9.717,-12.86,8.59,8.75,1.44
9.731,-11.54,8.59,8.81,1.49
9.747,-13.73,8.59,9.00,1.70
9.760,-11.89,8.59,9.06,1.44
9.774,-12.52,8.59,9.13,1.44
9.789,-12.52,8.59,9.19,1.54
9.805,-11.96,8.59,9.31,1.65
9.818,-11.20,8.59,9.25,1.49
9.834,-12.41,8.59,9.31,1.60
9.849,-12.24,8.59,9.31,1.49
9.876,-12.66,8.59,9.44,1.49
9.890,-11.71,8.59,9.44,1.44
9.907,-12.73,8.59,9.44,1.76
9.920,-12.34,8.59,9.44,1.9.937,-11.95,8.59,9.38,1.76
9.950,-12.17,8.59,9.38,1.44
.964,-11.81,8.59,9.31,1.44
9.978,-10.71,8.59,9.19,1.44
10.008,-11.84,8.59,9.19,1.54
10.038,-11.44,8.59,9.19,1.65
10.053,-11.18,8.59,9.13,1.54
10.066,-10.47,8.59,8.94,1.44
10.080,-11.20,8.59,8.94,10.097,-9.68,8.59,8.69,1.76
10.111,-9.57,8.59,8.63,1.44
10.124,-8.54,8.59,8.31,1.44
10.139,-6.82,8.59,8.13,1.54
10.155,-7.81,8.59,8.00,1.60
10.169,-6.91,8.59,7.69,1.44
10.184,-6.09,8.59,7.31,1.60
10.199,-4.96,8.59,7.13,1.54
10.213,-4.75,8.59,6.94,1.44
10.226,-5.11,8.59,6.69,1.44
10.240,-6.82,8.59,6.69,1.44
10.257,-5.20,8.59,6.56,1.70
10.270,-5.53,8.59,6.50,1.44
10.287,-6.99,8.59,6.56,1.76
10.301,-6.55,8.59,6.56,1.44
10.315,-7.61,8.59,6.56,1.38
10.329,-8.36,8.59,6.81,1.54
10.344,-7.98,8.59,6.94,1.54
10.359,-7.43,8.59,7.00,1.60
10.373,-8.20,8.59,7.13,1.44
10.389,-7.95,8.59,7.31,1.65
10.403,-8.51,8.59,7.38,1.54
10.417,-8.74,8.59,7.56,1.44
10.431,-8.87,8.59,7.69,1.44
10.447,-9.05,8.59,7.81,1.76
10.461,-9.99,8.59,7.94,1.38
10.490,-12.31,8.59,8.50,1.60
10.505,-12.37,8.59,8.75,1.60
10.519,-12.25,8.59,9.06,1.44
10.533,-13.95,8.59,9.31,1.54
10.549,-13.22,8.59,9.63,1.65
10.577,-11.85,8.59,9.75,1.44
10.591,-11.56,8.59,9.75,1.49
10.607,-11.12,8.59,9.69,1.76
10.621,-12.29,8.59,9.69,1.38
10.638,-12.34,8.59,9.75,1.70
10.651,-12.36,8.59,9.75,1.44
10.665,-11.34,8.59,9.81,1.44
10.679,-11.26,8.59,9.69,1.44
10.693,-11.34,8.59,9.69,1.54
10.709,-11.24,8.59,9.56,1.65
10.723,-10.30,8.59,9.50,1.44
10.739,-11.22,-5.73,9.31,1.70
10.753,-11.04,-5.73,9.25,1.49
10.767,-9.65,-5.73,8.88,1.44
10.797,-10.37,-5.73,8.50,1.65
10.825,-9.52,-5.73,8.19,1.44
10.840,-9.48,-5.73,7.69,10.856,-8.83,-5.73,7.38,1.60
10.869,-7.90,-5.73,6.81,1.49
10.884,-5.55,-5.73,6.38,1.44
10.900,-4.80,-5.73,5.56,1.70
10.913,-3.30,-5.73,5.13,1.44
10.927,0.64,-5.73,3.94,1.44
10.941,1.64,-5.73,3.31,1.49
10.957,2.37,-5.73,2.25,1.60
10.971,4.61,-5.73,1.63,1.44
10.987,4.97,-5.73,0.56,1.65
11.015,3.62,-5.73,-0.25,1.44
11.029,3.66,-5.73,-0.88,11.043,4.59,-5.73,-1.19,1.38
11.060,6.62,-5.73,-1.94,1.76
11.073,7.42,-5.73,-2.31,1.44
11.090,10.67,-5.73,-3.19,1.70
11.103,12.05,-5.73,-3.69,1.44
11.117,15.27,-5.73,-4.75,1.44
11.131,17.93,-5.73,-5.38,1.44
11.146,19.07,-5.73,-6.56,1.60
11.161,19.35,-5.73,-7.06,1.54
11.175,19.62,-5.73,-7.56,1.44
11.191,17.74,-5.73,-8.25,1.70
11.205,17.31,-5.73,-8.38,1.54
11.219,14.92,-5.73,-8.44,1.44
11.233,15.29,-5.73,-8.44,1.44
11.263,13.78,-5.73,-8.19,1.44
11.277,11.37,-5.73,-7.75,1.44
11.292,10.14,-5.73,-7.44,1.54
11.308,11.68,-5.73,-7.13,1.65
11.322,9.81,-5.73,-6.81,1.44
11.337,9.36,-5.73,-6.31,1.60
11.352,10.09,-5.73,-6.13,1.54
11.379,8.24,-5.73,-5.44,1.44
11.410,6.01,-5.73,-4.75,1.70
11.423,6.07,-5.73,-4.44,1.44
11.440,3.57,-5.73,-3.81,1.76
11.454,1.21,-5.73,-3.38,1.38
11.467,3.99,-5.73,-3.13,1.44
11.481,1.67,-5.73,-2.56,1.44
11.496,1.90,-5.73,-2.31,1.49
11.511,3.33,-5.73,-1.94,1.65
11.525,4.50,-5.73,-2.00,1.44
11.541,4.78,-5.73,-1.94,1.70
11.555,7.03,-5.73,-2.06,1.44
11.569,6.58,-5.73,-2.25,1.44
11.583,7.68,-5.73,-2.44,1.44
11.599,9.35,-5.73,-2.81,1.65
11.627,10.87,-5.73,-3.31,1.44
11.642,11.04,-5.73,-3.75,1.60
11.657,11.17,-5.73,-4.00,1.54
11.671,13.35,-5.73,-4.50,1.49
11.685,13.72,-5.73,-4.75,1.44
11.701,12.55,-5.73,-5.06,1.76
11.715,12.32,-5.73,-5.19,1.38
11.729,10.32,-5.73,-5.25,1.49
11.743,8.06,-5.73,-5.13,1.49
11.759,7.57,-5.73,-4.88,1.65
11.773,5.62,-5.73,-4.63,1.49
11.789,3.86,-5.73,-4.13,1.6011.803,3.67,-5.73,-3.88,1.54
11.817,1.93,-5.73,-3.50,1.44
11.845,0.97,-5.73,-2.44,1.49
11.862,2.90,-5.73,-2.19,1.70
11.875,3.69,-5.73,-2.19,1.44
11.892,5.95,-5.73,-2.31,1.70
11.905,6.67,-5.73,-2.50,1.44
11.933,11.45,-5.73,-3.38,1.44
11.948,13.29,-5.73,-3.75,1.60
11.963,16.28,-5.73,-4.69,1.60
11.977,14.54,-5.73,-5.13,1.44
11.993,14.49,-5.73,-5.75,1.65
12.008,14.05,-5.73,-5.94,1.60
12.022,11.09,-5.73,-6.00,1.49
12.035,9.17,-5.73,-5.88,1.38
12.052,5.54,-5.73,-5.38,1.76
12.065,4.12,-5.73,-5.06,1.44
12.079,0.40,-5.73,-4.19,1.44
12.094,0.79,-5.73,-3.81,1.54
12.110,-3.81,-5.73,-3.31,1.65
12.123,-3.67,-5.73,-2.25,1.44
12.139,-0.53,-5.73,-1.81,1.60
12.154,0.43,-5.73,-1.75,1.60
12.167,-0.29,-5.73,-1.63,1.44
12.181,6.05,-5.73,-2.00,1.49
12.195,4.82,-5.73,-2.13,1.38
12.211,7.81,-5.73,-2.69,1.70
12.225,8.64,-5.73,-3.00,1.49
12.241,11.13,-5.73,-3.63,1.70
12.255,12.91,-5.73,-4.13,1.49
12.269,14.39,-5.73,-4.63,1.44
12.283,12.35,-5.73,-5.25,1.49
12.297,12.57,-5.73,-5.44,1.49
12.313,11.80,-5.73,-5.88,12.327,10.08,-5.73,-5.94,1.44
12.343,7.31,-5.73,-5.88,112.357,4.93,-5.73,-5.63,1.49
12.371,1.90,-5.73,-4.94,1.44
12.384,2.03,-5.73,-4.63,1.44
12.400,-1.81,-5.73,-3.81,1.65
12.415,-3.17,-5.73,-3.31,1.60
12.429,-1.63,-5.73,-2.88,1.44
12.444,0.05,-5.73,-2.44,1.65
12.459,1.87,-5.73,-2.44,1.54
12.472,3.32,-5.73,-2.44,1.49
12.486,5.87,-5.73,-2.69,1.44
12.503,7.82,-5.73,-3.25,1.76
12.516,8.84,-5.73,-3.56,1.44
12.530,10.57,-5.73,-4.25,1.44
12.545,11.59,-5.73,-4.63,1.60
12.561,15.36,-5.73,-5.56,1.70
12.575,15.58,-5.73,-6.06,1.49
12.605,13.60,-5.73,-6.94,1.60
12.618,14.20,-5.73,-7.19,1.44
12.632,12.11,-5.73,-7.44,1.49
12.646,10.57,-5.73,-7.38,1.49
12.662,7.75,-5.73,-7.13,1.76
12.676,7.67,-5.73,-6.88,1.44
12.693,6.47,-5.73,-6.44,1.81
12.707,4.77,-5.73,-6.13,1.44
12.720,3.64,-5.73,-5.88,1.49
12.734,1.28,-5.73,-5.19,1.54
12.749,4.30,-5.73,-4.94,1.60
12.765,4.10,-5.73,-4.63,1.65
12.794,8.09,-5.73,-4.63,1.70
12.809,8.51,-5.73,-4.75,1.49
12.822,10.17,-5.73,-5.13,1.44
12.836,11.25,-5.73,-5.38,1.49
12.853,13.51,-5.73,-5.94,1.76
12.867,15.62,-5.73,-6.31,1.49
12.880,15.87,-5.73,-7.06,1.44
12.895,16.91,-5.73,-7.38,1.60
12.911,15.47,-5.73,-7.63,1.65
12.939,11.59,-5.73,-7.88,1.49
12.968,9.97,-5.73,-7.56,1.44
12.982,8.93,-5.73,-7.19,1.44
12.996,8.05,-5.73,-6.94,1.49
13.012,6.13,-5.73,-6.63,1.70
3.026,6.69,-5.73,-6.13,1.44
13.042,4.11,-5.73,-5.50,1.70
13.056,3.23,-5.73,-5.19,1.54
13.070,3.58,-5.73,-4.94,1.44
13.098,3.32,-5.73,-4.31,1.44
13.128,4.58,-5.73,-4.00,1.38
13.144,6.16,-5.73,-4.06,1.70
13.158,6.06,-5.73,-4.06,1.49
13.172,7.88,-5.73,-4.19,1.38
13.186,9.25,-5.73,-4.50,1.49
13.200,10.14,-5.73,-4.69,1.54
13.216,11.97,-5.73,-5.19,1.65
13.230,13.14,-5.73,-5.44,1.13.246,14.39,-5.73,-6.06,1.65
13.260,15.19,-5.73,-6.44,1.49
74,13.80,-5.73,-6.88,1.49
13.288,11.68,-5.73,-6.88,1.44
13.304,10.25,-5.73,-6.81,1.70
13.318,7.13,-5.73,-6.56,1.44
31,6.72,-5.73,-6.19,1.44
13.346,5.96,-5.73,-5.94,1.60
13.362,4.59,-5.73,-5.75,1.60
13.375,1.68,-5.73,-5.00,1.44
13.406,4.14,-5.73,-4.25,1.70
13.419,4.19,-5.73,-4.19,1.38
13.433,7.64,-5.73,-4.25,1.44
13.447,6.93,-5.73,-4.31,1.49
13.463,9.08,-5.73,-4.44,1.65
13.477,9.91,-5.73,-4.81,1.44
13.492,11.20,-5.73,-5.25,1.60
13.507,13.13,-5.73,-5.56,1.54
13.521,14.71,-5.73,-5.94,1.44
13.534,14.26,-5.73,-6.50,1.49
13.548,14.77,-5.73,-6.75,1.44
13.565,12.36,-5.73,-7.00,1.76
13.578,11.58,-5.73,-7.00,1.44
13.594,8.34,-5.73,-6.75,1.70
13.608,7.24,-5.73,-6.50,1.44
13.622,6.87,-5.73,-6.31,1.44
13.636,5.20,-5.73,-5.69,1.44
13.650,2.92,-5.73,-5.44,1.49
13.666,2.25,-5.73,-4.75,1.70
13.680,3.50,-5.73,-4.56,1.49
13.710,4.40,-5.73,-4.13,1.44
13.724,9.57,-5.73,-4.50,1.44
13.738,9.62,-5.73,-4.69,1.54
13.754,11.72,-5.73,-5.19,1.60
13.768,13.28,-5.73,-5.50,1.54
13.782,13.88,-5.73,-5.81,1.44
13.797,18.84,-5.73,-6.69,1.60
13.813,21.08,-5.73,-7.31,1.60
13.826,16.74,-5.73,-7.88,1.44
13.840,14.56,-5.73,-7.94,1.49
13.857,12.44,-5.73,-7.88,1.76
13.870,12.04,-5.73,-7.81,1.44
13.884,8.16,-5.73,-7.25,1.44
13.898,6.73,-5.73,-6.94,1.54
13.914,2.69,-5.73,-6.00,1.65
13.928,2.87,-5.73,-5.56,1.44
13.944,0.45,-5.73,-4.63,1.65
13.959,0.63,-5.73,-4.25,1.54
13.972,3.38,-5.73,-4.06,1.44
13.986,8.82,-5.73,-4.31,1.44
14.000,8.72,-5.73,-4.44,1.44
14.017,14.93,-5.73,-5.19,1.81
14.030,15.20,-5.73,-5.63,1.44
14.047,21.30,-5.73,-6.81,1.76
14.074,20.59,-5.73,-8.19,1.38
14.088,20.53,-5.73,-8.56,1.49
14.103,14.48,-5.73,-8.63,1.60
14.119,10.48,-5.73,-8.31,1.60
14.132,8.42,-5.73,-7.94,1.44
14.148,4.92,-5.73,-7.00,1.65
14.163,2.32,-5.73,-6.38,1.54
14.177,-3.13,-5.73,-4.94,1.49
14.190,-1.43,-5.73,-4.38,1.44
14.207,1.15,-5.73,-3.63,1.76
14.221,4.11,-5.73,-3.56,1.38
14.234,6.54,-5.73,-3.63,1.44
14.265,12.39,-5.73,-4.19,1.60
14.294,19.07,-5.73,-6.13,1.54
14.309,18.90,-5.73,-6.63,1.60
14.322,18.29,-5.73,-7.00,1.44
14.336,17.72,-5.73,-7.63,1.44
14.350,13.92,-5.73,-7.63,1.49
14.367,8.48,-5.73,-7.19,1.70
14.380,6.68,-5.73,-6.81,1.44
14.397,3.55,-5.73,-5.94,1.76
14.411,0.74,-5.73,-5.38,1.44
14.425,1.71,-5.73,-4.81,1.44
14.439,0.52,-5.73,-4.00,1.49
14.454,2.66,-5.73,-3.56,1.5414.469,3.79,-5.73,-3.44,1.60
14.483,9.80,-5.73,-3.50,1.44
14.499,16.21,-5.73,-4.44,1.65
14.513,17.92,-5.73,-5.06,1.49
14.527,23.45,-5.73,-6.69,1.44
14.541,24.19,-5.73,-7.44,1.38
14.558,24.27,-5.73,-8.69,1.76
14.571,21.41,-5.73,-9.00,1.44
14.600,12.11,-5.73,-8.81,1.60
14.616,6.62,-5.73,-7.88,1.60
14.630,5.08,-5.73,-7.31,1.49
14.645,-0.14,-5.73,-5.94,1.60
14.660,-0.54,-5.73,-5.25,1.54
14.673,-0.30,-5.73,-4.69,1.38
14.687,6.32,-5.73,-4.31,1.44
14.717,14.06,-5.73,-4.81,1.70
14.731,15.47,-5.73,-5.25,114.748,22.43,-5.73,-6.50,1.70
14.762,24.79,-5.73,-7.25,1.44
14.775,25.67,-5.73,-7.94,1.44
14.789,27.09,-5.73,-9.25,1.44
14.804,21.45,-5.73,-9.69,1.54
14.820,19.21,-5.73,-9.88,1.65
14.834,12.99,-5.73,-9.63,1.44
14.849,8.92,-5.73,-8.69,1.70
14.864,5.19,-5.73,-7.94,1.49
14.878,-1.53,-5.73,-6.19,1.38
14.891,-3.06,-5.73,-5.25,1.44
14.908,4.18,-5.73,-4.44,1.70
14.935,6.45,-5.73,-4.00,1.44
14.966,16.90,-5.73,-4.56,1.60
14.994,24.15,-5.73,-6.31,1.49
15.010,26.77,-5.73,-7.81,1.65
15.024,25.73,-5.73,-8.38,1.38
15.037,22.11,-5.73,-9.00,1.44
15.052,17.90,-5.73,-8.94,1.49
15.068,9.51,-5.73,-8.25,1.15.082,6.75,-5.73,-7.63,1.44
15.112,-4.65,-5.73,-5.00,1.44
15.125,-7.37,-5.73,-3.94,15.140,-0.71,-5.73,-2.75,1.49
15.154,0.46,-5.73,-2.44,1.44
15.170,2.75,-5.73,-2.06,1.65
15.184,6.81,-5.73,-2.19,1.44
00,16.65,-5.73,-3.31,1.65
15.214,20.46,-5.73,-4.13,1.44
15.227,26.51,-5.73,-6.19,1.44
15.242,25.94,-5.73,-6.94,1.49
15.257,28.64,-5.73,-8.50,1.65
15.272,29.21,-5.73,-9.19,1.54
15.286,21.02,-5.73,-9.63,1.44
15.301,17.90,-5.73,-9.63,1.60
15.316,11.66,-5.73,-9.13,1.65
15.330,5.33,-5.73,-7.75,1.44
15.360,-10.06,-5.73,-4.44,1.70
15.388,-7.58,-5.73,-1.75,1.44
15.402,-4.21,-5.73,-1.31,1.49
15.418,3.07,-5.73,-1.12,1.65
15.432,7.52,-5.73,-1.44,1.44
15.448,16.01,-5.73,-2.69,1.60
15.462,21.31,-5.73,-3.63,1.54
15.476,26.76,-5.73,-4.81,1.38
15.490,32.87,-5.73,-7.25,1.44
15.504,34.22,-5.73,-8.44,1.44
15.520,30.43,-5.73,-10.06,115.534,26.20,-5.73,-10.44,1.44
15.551,14.64,-5.73,-10.06,1.76
15.565,9.87,-5.73,-9.44,1.49
15.579,-2.17,-5.73,-7.38,1.38
15.593,-6.34,-5.73,-6.06,1.49
15.608,-20.35,-5.73,-2.81,1.65
15.623,-19.05,-5.73,-1.37,1.49
15.637,-14.03,-5.73,-0.19,1.44
15.652,-15.03,-5.73,1.56,1.54
15.667,-3.87,-5.73,1.94,1.60
15.681,4.61,-5.73,1.37,1.44
15.695,17.13,-5.73,0.37,1.44
15.711,29.72,-5.73,-2.63,1.65
15.725,36.87,-5.73,-4.56,1.38
15.739,43.49,-5.73,-8.38,1.44
15.753,45.28,8.59,-10.06,1.49
15.769,45.70,8.59,-12.81,1.70
15.783,46.69,8.59,-14.00,1.49
15.799,38.46,8.59,-15.19,1.65
15.813,32.69,8.59,-15.13,1.54
15.827,27.40,8.59,-14.69,1.49
15.841,7.89,8.59,-12.44,1.44
15.871,-18.28,8.59,-6.00,1.65
15.885,-24.68,8.59,-3.50,1.38
15.901,-25.57,8.59,0.88,1.70
15.916,-29.29,8.59,2.94,1.38
15.929,-27.59,8.59,6.31,1.44
15.944,-25.96,8.59,7.56,1.44
15.960,-19.05,8.59,9.13,1.70
15.974,-14.49,8.59,9.38,1.44
15.988,2.08,8.59,8.31,1.44
16.003,7.48,8.59,7.31,1.49
16.018,15.34,8.59,6.19,1.60
16.032,22.57,8.59,3.44,1.44
16.046,24.21,8.59,1.88,1.44
16.062,25.78,8.59,-0.50,1.65
16.076,22.10,8.59,-1.25,1.44
16.090,14.31,8.59,-1.88,1.44
16.104,7.19,8.59,-1.56,1.49
16.120,-7.69,8.59,0.31,1.65
16.134,-12.23,8.59,1.50,1.44
16.150,-24.33,8.59,4.56,1.70
16.164,-28.03,8.59,6.25,1.44
16.178,-28.00,8.59,7.69,1.44
16.192,-31.69,8.59,10.50,1.44
16.205,-30.43,8.59,11.56,1.49
16.222,-24.34,8.59,12.94,1.76
16.236,-19.37,8.59,13.06,1.44
16.252,-5.46,8.59,12.06,1.70
16.266,2.82,8.59,11.00,1.49
16.280,11.54,8.59,8.38,1.38
16.310,26.31,8.59,3.63,1.65
16.325,29.62,8.59,1.94,16.338,22.00,8.59,0.63,1.38
16.354,20.65,8.59,-1.00,1.65
16.369,13.34,8.59,-1.12,1.54
16.383,-0.35,8.59,-0.19,1.44
16.396,-10.47,8.59,1.00,1.44
16.413,-28.65,8.59,4.50,1.65
16.440,-41.80,8.59,10.63,1.44
16.471,-49.41,8.59,16.06,1.65
16.485,-49.21,8.59,17.56,1.49
16.501,-44.56,8.59,19.62,1.70
16.515,-38.67,8.59,20.06,1.54
16.529,-31.43,8.59,19.94,1.49
16.543,-8.15,8.59,17.81,1.54
16.557,13.10,8.59,15.94,1.44
16.573,27.33,8.59,10.56,1.60
16.587,33.44,8.59,7.63,1.38
16.603,43.25,8.59,2.06,1.60
16.617,49.61,8.59,-0.69,1.38
16.631,50.00,8.59,-6.13,1.38
16.645,50.00,8.59,-8.75,1.49
16.662,50.00,8.59,-13.06,1.65
16.690,50.00,8.59,-17.62,1.44
,50.00,8.59,-18.44,1.60
16.720,48.20,8.59,-18.69,1.65
16.734,42.58,8.59,-18.06,1.49
16.749,31.77,8.59,-17.25,1.49
16.764,24.34,8.59,-14.63,1.60
16.778,17.90,8.59,-12.88,1.33
16.792,-2.46,8.59,-8.25,1.38
16.806,-6.16,8.59,-5.75,1.38
16.822,-16.66,8.59,-0.50,1.65
16.836,-15.25,8.59,1.69,1.33
16.853,-22.05,8.59,6.00,1.70
16.866,-22.69,8.59,7.88,1.33
16.880,-18.20,8.59,9.56,1.44
16.894,-18.98,8.59,12.13,1.38
16.908,-11.85,8.59,13.00,1.49
16.924,-10.18,8.59,13.81,1.60
16.938,-4.94,8.59,13.88,1.44
16.954,-1.99,8.59,13.56,1.65
16.968,-0.51,8.59,13.25,1.49
16.982,-8.38,8.59,13.25,1.44
16.996,-12.71,8.59,13.63,1.44
17.012,-18.34,8.59,14.63,1.70
17.027,-25.94,8.59,15.56,1.49
17.040,-40.09,8.59,18.25,1.38
17.055,-44.79,8.59,19.75,1.60
17.071,-50.00,8.59,21.56,1.60
17.085,-50.00,8.59,25.25,1.44
17.115,-50.00,8.59,29.31,1.70
17.129,-50.00,8.59,30.25,1.49
17.142,-50.00,8.59,31.44,1.49
17.157,-50.00,8.59,31.87,1.49
17.173,-50.00,8.59,32.19,1.70
17.187,-50.00,8.59,32.38,1.44
17.204,-50.00,8.59,32.88,1.70
17.217,-50.00,8.59,33.06,1.38
17.231,-50.00,8.59,33.38,1.38
17.245,-50.00,8.59,34.25,1.44
17.260,-50.00,8.59,34.75,1.49
17.276,-50.00,8.59,36.19,1.49
17.290,-50.00,8.59,37.00,1.33
17.305,-50.00,8.59,39.19,1.60
17.320,-50.00,8.59,40.63,1.44
17.334,-50.00,8.59,44.31,1.33
17.347,-50.00,8.59,46.69,1.38
17.364,-50.00,8.59,53.06,1.70
17.378,-50.00,8.59,57.06,1.38
17.392,-50.00,8.59,67.00,1.38
17.407,-50.00,8.59,74.19,1.49
17.422,-50.00,8.59,82.50,1.54
17.436,-50.00,8.59,89.31,1.38
17.452,-50.00,8.59,85.69,1.49
467,-50.00,8.59,84.56,1.49
17.480,-50.00,8.59,82.87,1.38
17.494,-50.00,8.59,87.69,1.38
17.508,-50.00,8.59,92.12,1.38
17.525,-50.00,8.59,93.81,1.76
17.539,-50.00,8.59,92.50,1.38
17.555,-50.00,8.59,91.69,1.65
17.569,-50.00,8.59,93.00,1.38
17.597,-50.00,8.59,95.12,1.44
17.627,-50.00,8.59,91.25,1.54
17.641,-50.00,8.59,92.00,1.38
17.656,-50.00,8.59,92.12,1.60
17.671,-50.00,8.59,91.94,1.54
17.685,-50.00,8.59,91.75,1.44
17.699,-50.00,8.59,91.81,1.44
17.715,-50.00,8.59,91.75,1.70
17.729,-50.00,8.59,91.81,1.44
17.743,-50.00,8.59,91.87,1.44
17.758,-50.00,8.59,91.87,1.54
17.773,-50.00,8.59,92.00,1.65
17.787,-50.00,8.59,91.87,17.803,-50.00,8.59,92.06,1.65
17.818,-50.00,8.59,92.12,1.49
17.832,-50.00,8.59,92.06,1.44
17.846,-50.00,8.59,92.00,1.49
17.860,-50.00,8.59,92.12,1.49
17.876,-50.00,8.59,92.12,1.76
17.890,-50.00,8.59,92.12,1.44
17.906,-50.00,8.59,92.12,1.70
.920,-50.00,8.59,92.12,1.49
17.934,-50.00,8.59,92.12,1.44
17.948,-50.00,8.59,92.19,1.54
17.965,-50.00,8.59,92.19,1.70
17.979,-50.00,8.59,92.06,1.54
17.993,-50.00,8.59,92.19,1.44
18.008,-50.00,8.59,92.06,1.60
18.022,-50.00,8.59,91.94,1.54
18.036,-50.00,8.59,92.00,1.49
18.050,-50.00,8.59,92.00,1.49
18.066,-50.00,8.59,91.87,1.76
18.080,-50.00,8.59,91.56,1.44
18.096,-50.00,8.59,91.44,1.76
18.111,-50.00,8.59,91.44,1.54
18.141,-50.00,8.59,91.75,1.49
18.157,-50.00,8.59,91.50,1.70
18.171,-50.00,8.59,91.37,1.49
18.184,-50.00,8.59,91.50,1.44
18.198,-50.00,8.59,91.50,1.49
18.214,-50.00,8.59,91.44,1.70
18.229,-50.00,8.59,91.56,1.54
18.243,-50.00,8.59,91.44,118.258,-50.00,8.59,91.44,1.60
18.274,-50.00,8.59,91.50,1.70
18.288,-50.00,8.59,91.31,1.49
18.302,-50.00,8.59,91.25,1.54
18.318,-50.00,8.59,91.31,1.65
18.332,-50.00,8.59,91.31,1.49
18.345,-50.00,8.59,91.37,1.44
18.359,-50.00,8.59,91.31,1.4918.376,-50.00,8.59,91.44,1.76
18.390,-50.00,8.59,91.31,1.49
18.405,-50.00,8.59,91.25,1.65
18.419,-50.00,8.59,91.31,1.54
3,-50.00,8.59,91.25,1.44
18.447,-50.00,8.59,91.25,1.54
18.461,-50.00,8.59,91.31,1.49
18.478,-50.00,8.59,91.25,1.76
18.492,-50.00,8.59,91.31,1.44
18.508,-50.00,8.59,91.31,1.70
18.522,-50.00,8.59,91.31,1.54
18.536,-50.00,8.59,91.19,1.49
18.550,-50.00,8.59,91.31,1.49
18.566,-50.00,8.59,91.25,1.76
18.594,-50.00,8.59,91.37,1.49
18.625,-50.00,8.59,91.37,1.65
18.639,-50.00,8.59,91.37,1.49
18.654,-50.00,8.59,91.37,1.60
18.683,-50.00,8.59,91.50,1.49
18.696,-50.00,8.59,91.50,1.44
18.710,-50.00,8.59,91.56,1.49
18.726,-50.00,8.59,91.50,1.70
18.740,-50.00,8.59,91.44,1.44
18.754,-50.00,8.59,91.25,1.60
18.769,-50.00,8.59,91.12,1.60
18.783,-50.00,8.59,91.19,1.44
18.797,-50.00,8.59,91.25,1.49
18.811,-50.00,8.59,91.25,1.44
18.827,-50.00,8.59,91.12,1.81
18.841,-50.00,8.59,91.19,1.49
.858,-50.00,8.59,91.00,1.76
18.872,-50.00,8.59,91.06,1.49
18.885,-50.00,8.59,91.12,1.49
18.899,-50.00,8.59,91.06,1.49
18.914,-50.00,8.59,91.06,1.54
18.929,-50.00,8.59,91.06,1.65
18.943,-50.00,8.59,91.00,1.49
18.959,-50.00,8.59,90.94,1.70
18.974,-50.00,8.59,91.00,1.54
18.987,-50.00,8.59,90.87,1.49
19.001,-50.00,8.59,90.94,1.44
19.018,-50.00,8.59,90.87,1.81
19.045,-50.00,8.59,91.00,1.44
19.060,-50.00,8.59,90.87,1.60
19.076,-50.00,8.59,90.87,1.70
19.090,-50.00,8.59,90.75,1.49
19.104,-50.00,8.59,90.69,1.54
19.134,-50.00,8.59,90.62,1.49
19.161,-50.00,8.59,90.62,1.49
19.178,-50.00,8.59,90.75,1.81
19.192,-50.00,8.59,90.75,1.49
19.209,-50.00,8.59,90.62,1.81
19.222,-50.00,8.59,90.56,1.49
19.236,-50.00,8.59,90.50,1.49
19.250,-50.00,8.59,90.37,1.49
19.266,-50.00,8.59,90.31,1.70
19.281,-50.00,8.59,90.44,1.60
19.295,-50.00,8.59,90.31,1.49
19.310,-50.00,8.59,90.31,1.65
19.325,-50.00,8.59,90.25,1.60
19.339,-50.00,8.59,90.19,1.49
19.353,-50.00,8.59,90.25,1.49
19.369,-50.00,8.59,90.19,1.81
19.383,-50.00,8.59,90.00,1.44
19.397,-50.00,8.59,90.06,1.49
19.411,-50.00,8.59,90.12,1.54
19.428,-50.00,8.59,90.06,1.76
19.442,-50.00,8.59,89.94,1.49
19.458,-50.00,8.59,89.94,1.76
19.472,-50.00,8.59,90.00,1.49
19.500,-50.00,8.59,90.00,1.49
19.530,-50.00,8.59,90.06,1.70
19.560,-50.00,8.59,90.12,1.70
19.575,-50.00,8.59,90.12,1.54
19.588,-50.00,8.59,90.06,1.49
19.602,-50.00,8.59,90.00,1.44
19.619,-50.00,8.59,89.94,1.81
19.633,-50.00,8.59,89.94,1.44
19.650,-50.00,8.59,90.06,1.81
19.663,-50.00,8.59,90.00,1.49
19.680,-50.00,8.59,90.06,1.81
19.694,-50.00,8.59,90.00,1.44
19.710,-50.00,8.59,90.00,1.76
19.724,-50.00,8.59,90.19,1.54
19.738,-50.00,8.59,90.31,1.49
19.752,-50.00,8.59,90.19,1.49
19.769,-50.00,8.59,90.25,1.76
19.783,-50.00,8.59,90.19,1.54
19.797,-50.00,8.59,90.25,1.44
19.812,-50.00,8.59,90.25,1.60
19.827,-50.00,8.59,90.19,1.70
19.841,-50.00,8.59,90.19,1.49
,-50.00,8.59,90.31,1.49
19.871,-50.00,8.59,90.50,1.70
19.885,-50.00,8.59,90.44,1.44
19.899,-50.00,8.59,90.31,1.49
19.929,-50.00,8.59,90.12,1.81
19.943,-50.00,8.59,90.00,1.44
19.960,-50.00,8.59,90.12,1.81
19.973,-50.00,8.59,90.06,1.49
19.987,-50.00,8.59,90.12,1.44
20.001,-50.00,8.59,90.25,1.54
20.016,-50.00,8.59,90.19,1.54
20.032,-50.00,8.59,90.31,1.70
20.045,-50.00,8.59,90.31,1.49
20.075,-50.00,8.59,90.31,1.49
20.089,-50.00,8.59,90.37,1.49
20.103,-50.00,8.59,90.25,1.49
20.119,-50.00,8.59,90.25,1.70
20.133,-50.00,8.59,90.31,1.60
20.147,-50.00,8.59,90.25,1.44
20.162,-50.00,8.59,90.31,1.65
20.178,-50.00,8.59,90.37,1.6520.192,-50.00,8.59,90.50,1.49
20.207,-50.00,8.59,90.44,1.60
20.222,-50.00,8.59,90.50,1.65
20.236,-50.00,8.59,90.37,1.49
20.250,-50.00,8.59,90.44,1.49
20.264,-50.00,8.59,90.31,1.49
20.293,-50.00,8.59,90.31,1.49
20.322,-50.00,8.59,90.44,1.65
20.336,-50.00,8.59,90.44,1.49
20.350,-50.00,8.59,90.44,1.49
20.364,-50.00,8.59,90.56,1.49
20.380,-50.00,8.59,90.56,1.76
20.394,-50.00,8.59,90.44,1.49
20.411,-50.00,8.59,90.44,1.86
20.439,-50.00,8.59,90.62,1.49
20.468,-50.00,8.59,90.56,1.60
20.483,-50.00,8.59,90.62,20.497,-50.00,8.59,90.62,1.49
20.513,-50.00,8.59,90.62,1.70
20.527,-50.00,8.59,90.75,1.60
20.541,-50.00,8.59,90.75,1.44
20.555,-50.00,8.59,90.69,1.49
20.572,-50.00,8.59,90.75,1.81
20.585,-50.00,8.59,90.69,1.49
20.599,-50.00,8.59,90.75,1.49
20.614,-50.00,8.59,90.81,1.60
20.630,-50.00,8.59,90.81,1.70
20.644,-50.00,8.59,90.81,1.49
20.660,-50.00,8.59,90.75,1.81
20.674,-50.00,8.59,90.69,1.54
20.688,-50.00,8.59,90.75,1.44
20.702,-50.00,8.59,90.69,1.54
20.716,-50.00,8.59,90.69,1.49
20.733,-50.00,8.59,90.75,1.76
20.746,-50.00,8.59,90.81,1.49
20.763,-50.00,-5.73,90.87,1.76
20.777,-50.00,-5.73,90.81,1.49
20.790,-50.00,-5.73,91.00,1.49
20.805,-50.00,-5.73,90.94,1.54
21,-50.00,-5.73,90.81,1.70
20.835,-50.00,-5.73,91.00,1.54
20.849,-50.00,-5.73,90.87,1.49
20.864,-50.00,-5.73,90.87,1.65
20.879,-50.00,-5.73,90.87,1.65
20.893,-50.00,-5.73,90.81,1.54
20.908,-50.00,-5.73,90.75,1.60
20.924,-50.00,-5.73,90.62,1.70
20.937,-50.00,-5.73,90.62,1.49
20.951,-50.00,-5.73,90.62,1.49
20.965,-50.00,-5.73,90.56,1.49
20.982,-50.00,-5.73,90.87,1.70
96,-50.00,-5.73,91.06,1.44
21.013,-50.00,-5.73,91.81,1.70
26,-50.00,-5.73,91.87,1.44
21.040,-50.00,-5.73,91.37,1.38
21.054,-50.00,-5.73,89.06,1.49
21.070,-50.00,-5.73,85.62,1.54
21.085,-50.00,-5.73,84.94,1.54
21.098,-50.00,-5.73,85.37,1.38
21.114,-50.00,-5.73,86.81,1.65
21.129,-50.00,-5.73,87.81,1.60
21.143,-50.00,-5.73,90.81,1.49
21.157,-50.00,-5.73,92.06,1.38
21.187,-50.00,-5.73,91.69,1.38
01,-50.00,-5.73,91.25,1.38
21.215,-50.00,-5.73,91.37,1.49
21.231,-50.00,-5.73,92.44,1.70
21.245,-50.00,-5.73,93.19,1.49
21.261,-50.00,-5.73,94.50,1.76
21.276,-50.00,-5.73,95.00,1.54
21.290,-50.00,-5.73,95.06,1.54
21.304,-50.00,-5.73,94.94,1.54
21.317,-50.00,-5.73,95.31,1.49
21.334,-50.00,-5.73,98.19,1.81
48,-50.00,-5.73,100.62,1.54
21.364,-50.00,-5.73,104.37,1.76
21.392,-50.00,-5.73,104.69,1.49
21.406,-50.00,-5.73,104.19,1.54
21.423,-50.00,-5.73,101.62,1.81
21.437,-50.00,-5.73,99.87,1.54
21.450,-50.00,-5.73,97.00,1.54
21.465,-50.00,-5.73,95.94,1.60
21.481,-50.00,-5.73,95.00,1.7621.495,-50.00,-5.73,93.56,1.49
21.510,-50.00,-5.73,93.19,1.65
21.525,-50.00,-5.73,93.75,1.65
21.539,-50.00,-5.73,94.50,1.54
21.553,-50.00,-5.73,95.62,1.49
21.567,-50.00,-5.73,95.87,1.54
21.583,-50.00,-5.73,95.75,1.81
21.597,-50.00,-5.73,95.50,1.54
21.614,-50.00,-5.73,94.87,1.86
21.628,-50.00,-5.73,94.37,1.5421.642,-50.00,-5.73,93.37,1.54
21.656,-50.00,-5.73,90.62,1.54
21.671,-50.00,-5.73,88.19,1.76
21.686,-50.00,-5.73,87.00,1.65
21.700,-50.00,-5.73,85.81,1.54
21.715,-50.00,-5.73,82.87,1.70
21.730,-50.00,-5.73,81.37,1.65
21.744,-50.00,-5.73,79.44,1.54
21.758,-50.00,-5.73,79.25,1.54
21.775,-50.00,-5.73,80.25,1.81
21.788,-50.00,-5.73,80.75,1.54
21.802,-50.00,-5.73,81.19,1.49
21.817,-50.00,-5.73,81.19,1.65
21.833,-50.00,-5.73,81.50,1.76
21.846,-50.00,-5.73,82.87,1.54
21.862,-50.00,-5.73,84.56,1.7021.877,-50.00,-5.73,85.25,1.65
21.890,-50.00,-5.73,85.62,1.54
21.904,-50.00,-5.73,85.56,1.54
21.918,-50.00,-5.73,85.37,1.49
21.935,-50.00,-5.73,84.44,1.92
21.949,-50.00,-5.73,83.75,1.54
21.965,-50.00,-5.73,83.06,1.81
21.979,-50.00,-5.73,82.81,1.54
21.993,-50.00,-5.73,82.69,1.54
22.007,-50.00,-5.73,82.56,1.54
22.023,-50.00,-5.73,82.31,1.81
22.038,-50.00,-5.73,82.06,1.60
22.051,-50.00,-5.73,81.94,1.54
22.067,-50.00,-5.73,82.37,1.70
22.082,-50.00,-5.73,82.62,1.70
22.096,-50.00,-5.73,82.56,1.54
22.110,-50.00,-5.73,82.12,1.60
22.126,-50.00,-5.73,81.75,1.76
22.140,-50.00,-5.73,82.00,1.54
22.153,-50.00,-5.73,83.25,1.4922.168,-50.00,-5.73,83.81,1.60
22.184,-50.00,-5.73,84.44,1.7622.198,-50.00,-5.73,84.56,1.54
22.214,-50.00,-5.73,85.31,1.8122.228,-50.00,-5.73,85.94,1.60
22.242,-50.00,-5.73,86.56,1.49
22.256,-50.00,-5.73,87.87,1.60
22.270,-50.00,-5.73,88.31,1.60
22.287,-50.00,-5.73,88.69,1.81
22.300,-50.00,-5.73,88.94,1.49
22.316,-50.00,-5.73,89.44,1.81
22.331,-50.00,-5.73,89.62,1.60
22.345,-50.00,-5.73,90.06,1.54
22.359,-50.00,-5.73,90.12,1.54
22.375,-50.00,-5.73,89.87,1.86
22.389,-50.00,-5.73,89.69,1.5422.403,-50.00,-5.73,89.69,1.54
22.418,-50.00,-5.73,90.00,1.65
22.433,-50.00,-5.73,90.56,1.70
22.447,-50.00,-5.73,92.37,1.54
22.463,-50.00,-5.73,94.06,1.70
22.478,-50.00,-5.73,94.62,1.6522.491,-50.00,-5.73,94.87,1.54
22.505,-50.00,-5.73,94.75,1.54
22.519,-50.00,-5.73,94.69,1.49
22.536,-50.00,-5.73,95.00,1.86
22.549,-50.00,-5.73,95.12,1.54
22.566,-50.00,-5.73,95.31,1.86
22.580,-50.00,-5.73,95.75,1.49
22.594,-50.00,-5.73,96.50,1.54
22.608,-50.00,-5.73,99.25,1.54
22.623,-50.00,-5.73,102.69,1.70
22.638,-50.00,-5.73,104.56,1.65
22.652,-50.00,-5.73,106.00,1.5422.668,-50.00,-5.73,107.44,1.70
22.683,-50.00,-5.73,107.75,1.70
22.697,-50.00,-5.73,109.06,1.54
22.711,-50.00,-5.73,110.06,1.54
22.727,-50.00,-5.73,112.00,1.81
22.741,-50.00,-5.73,112.87,1.49
22.755,-50.00,-5.73,114.56,1.54
22.769,-50.00,-5.73,115.06,1.60
22.785,-50.00,-5.73,115.50,1.76
22.799,-50.00,-5.73,115.56,1.54
