66.728,0.00,0.00,89.00,0.05
66.759,0.00,0.00,89.00,0.16
66.776,0.00,0.00,89.00,0.27
66.792,0.00,0.00,89.00,0.37
66.808,-50.00,0.00,89.00,0.64
66.825,-50.00,0.00,89.00,0.90
66.842,-50.00,0.00,89.00,1.60
66.859,-50.00,0.00,89.00,1.70
66.875,-50.00,0.00,89.00,1.65
66.892,-50.00,0.00,89.00,1.70
66.925,-50.00,0.00,89.00,1.70
66.942,-50.00,0.00,89.00,1.70
66.959,-50.00,0.00,89.00,1.76
66.975,-50.00,0.00,89.00,1.70
66.992,-50.00,0.00,89.00,1.76
67.009,-50.00,0.00,89.00,1.67.025,-50.00,0.00,89.00,1.76
67.042,-50.00,0.00,89.00,1.70
67.059,-50.00,0.00,89.00,1.76
67.075,-50.00,0.00,89.00,1.76
67.092,-50.00,0.00,89.00,1.76
67.109,-50.00,0.00,89.00,1.76
67.125,-50.00,0.00,89.00,1.76
67.142,-50.00,0.00,89.00,1.76
67.159,-50.00,0.00,89.00,1.76
67.175,-50.00,0.00,89.00,1.76
67.192,-50.00,0.00,89.00,1.76
67.209,-50.00,0.00,89.00,1.76
67.225,-50.00,0.00,89.00,1.76
67.242,-50.00,0.00,89.00,1.76
67.259,-50.00,0.00,89.00,1.76
67.275,-50.00,0.00,89.00,1.76
67.292,-50.00,0.00,89.00,1.76
67.309,-50.00,0.00,89.00,1.76
67.326,-50.00,0.00,89.00,1.81
67.342,-50.00,0.00,89.00,1.76
67.359,-50.00,0.00,89.00,1.76
67.375,-50.00,0.00,89.00,1.76
67.409,-50.00,0.00,89.00,1.70
67.426,-50.00,0.00,89.00,1.76
67.442,-50.00,0.00,89.00,1.70
67.459,-50.00,0.00,89.00,1.70
67.476,-50.00,0.00,89.00,1.70
67.509,-50.00,0.00,89.00,1.76
67.525,-50.00,0.00,89.00,1.70
67.542,-50.00,0.00,89.00,1.76
67.559,-50.00,0.00,89.00,1.70
67.575,-50.00,0.00,89.00,1.70
67.592,-50.00,0.00,89.00,1.76
67.609,-50.00,0.00,89.00,1.70
67.626,-50.00,0.00,89.00,1.76
67.642,-50.00,0.00,89.00,1.70
67.659,-50.00,0.00,89.00,1.76
67.676,-50.00,0.00,89.00,1.70
67.692,-50.00,0.00,89.00,1.76
67.709,-50.00,0.00,89.00,1.70
67.726,-50.00,0.00,89.00,1.70
2,-50.00,0.00,89.00,1.76
67.759,-50.00,0.00,89.00,1.70
67.792,-50.00,0.00,89.00,1.70
67.809,-50.00,0.00,89.00,1.70
67.825,-50.00,0.00,89.00,1.76
67.842,-50.00,0.00,89.00,1.70
67.859,-50.00,0.00,89.00,1.70
67.892,-50.00,0.00,89.00,1.70
67.909,-50.00,0.00,89.00,1.70
67.926,-50.00,0.00,89.00,1.76
67.959,-50.00,0.00,89.00,1.70
67.976,-50.00,0.00,89.00,1.70
67.992,-50.00,0.00,89.00,1.70
68.009,-50.00,0.00,89.00,1.768.026,-50.00,0.00,89.00,1.70
68.042,-50.00,0.00,89.00,1.76
68.059,-50.00,0.00,89.00,1.70
68.075,-50.00,0.00,89.00,1.70
68.092,-50.00,0.00,89.00,1.70
68.109,-50.00,0.00,89.00,1.70
68.125,-50.00,0.00,89.00,1.70
68.142,-50.00,0.00,89.00,1.76
68.159,-50.00,0.00,89.00,1.70
68.175,-50.00,0.00,89.00,1.70
68.192,-50.00,0.00,89.00,1.76
.209,-50.00,0.00,89.00,1.70
68.226,-50.00,0.00,89.00,1.70
68.242,-50.00,0.00,89.00,1.70
68.259,-50.00,0.00,89.00,1.76
68.276,-50.00,0.00,89.00,1.70
68.292,-50.00,0.00,89.00,1.70
68.309,-50.00,0.00,89.00,1.70
68.326,-50.00,0.00,89.00,1.76
68.342,-50.00,0.00,89.00,1.70
68.376,-50.00,0.00,89.00,1.70
68.392,-50.00,0.00,89.00,1.70
68.409,-50.00,0.00,89.00,1.70
68.425,-50.00,0.00,89.00,1.70
68.442,-50.00,0.00,89.00,1.70
68.459,-50.00,0.00,89.00,1.76
68.475,-50.00,0.00,89.00,1.70
68.509,-50.00,0.00,89.00,1.70
68.525,-50.00,0.00,89.00,1.70
68.542,-50.00,0.00,89.00,1.70
68.559,-50.00,0.00,89.00,1.70
68.576,-50.00,0.00,89.00,1.70
68.592,-50.00,0.00,89.00,1.76
68.609,-50.00,0.00,89.00,1.70
68.626,-50.00,0.00,89.00,1.70
68.642,-50.00,0.00,89.00,1.70
68.659,-50.00,0.00,89.00,1.70
68.675,-50.00,0.00,89.00,1.70
68.692,-50.00,0.00,89.00,1.70
68.709,-50.00,0.00,89.00,1.70
68.742,-50.00,0.00,89.00,1.70
68.759,-50.00,0.00,89.00,1.70
68.775,-50.00,0.00,89.00,1.70
68.792,-50.00,0.00,89.00,1.70
68.809,-50.00,8.59,89.00,1.76
68.825,-50.00,8.59,89.00,1.70
68.859,-50.00,8.59,89.00,1.70
68.875,-50.00,8.59,89.00,1.70
68.892,-50.00,8.59,89.00,1.70
68.909,-50.00,8.59,89.00,1.76
68.925,-50.00,8.59,89.00,1.70
68.942,-50.00,8.59,89.00,1.70
68.959,-50.00,8.59,89.00,1.70
68.992,-50.00,8.59,89.00,1.70
69.009,-50.00,8.59,89.00,1.70
69.025,-50.00,8.59,89.00,1.70
69.042,-50.00,8.59,89.00,1.76
69.059,-50.00,8.59,89.00,1.70
69.075,-50.00,8.59,89.00,1.769.092,-50.00,8.59,89.00,1.70
69.109,-50.00,8.59,89.00,1.76
69.125,-50.00,8.59,89.00,1.70
69.142,-50.00,8.59,89.00,1.70
69.159,-50.00,8.59,89.00,1.70
69.176,-50.00,8.59,89.00,1.69.192,-50.00,8.59,89.00,1.70
69.209,-50.00,8.59,89.00,1.70
69.226,-50.00,8.59,89.00,1.70
69.242,-50.00,8.59,89.00,1.70
69.259,-50.00,8.59,89.00,1.76
69.275,-50.00,8.59,89.00,1.70
292,-50.00,8.59,89.00,1.70
69.309,-50.00,8.59,89.00,1.70
69.342,-50.00,8.59,89.00,1.70
69.359,-50.00,8.59,89.00,1.70
69.375,-50.00,8.59,89.00,1.70
69.392,-50.00,8.59,89.00,1.76
69.409,-50.00,8.59,89.00,1.70
69.425,-50.00,8.59,89.00,1.70
69.442,-50.00,8.59,89.00,1.70
69.459,-50.00,8.59,89.00,1.76
69.476,-50.00,8.59,89.00,1.70
69.492,-50.00,8.59,89.00,1.65
69.509,-50.00,8.59,89.00,1.76
69.542,-50.00,8.59,89.00,1.70
69.559,-50.00,8.59,89.00,1.70
69.575,-50.00,8.59,89.00,1.70
69.592,-50.00,8.59,89.00,1.70
69.609,-50.00,8.59,89.00,1.70
69.625,-50.00,8.59,89.00,1.76
69.642,-50.00,8.59,89.00,1.70
69.659,-50.00,8.59,89.00,1.70
69.675,-50.00,8.59,89.00,1.70
69.692,-50.00,8.59,89.00,1.70
69.709,-50.00,8.59,89.00,1.70
69.725,-50.00,8.59,89.00,1.70
69.742,-50.00,8.59,89.00,1.76
69.759,-50.00,8.59,89.00,1.70
69.776,-50.00,8.59,89.00,1.70
69.792,-50.00,8.59,89.00,1.70
9.809,-50.00,8.59,89.00,1.70
69.825,-50.00,8.59,89.00,1.70
69.842,-50.00,8.59,89.00,1.70
69.859,-50.00,8.59,89.00,1.70
69.875,-50.00,8.59,89.00,1.70
69.892,-50.00,8.59,89.00,1.70
69.909,-50.00,8.59,89.00,1.70
69.925,-50.00,8.59,89.00,1.70
69.942,-50.00,8.59,89.00,1.70
69.959,-50.00,8.59,89.00,1.70
69.975,-50.00,8.59,89.00,1.70
69.992,-50.00,8.59,89.00,1.76
70.009,-50.00,8.59,89.00,1.70
70.026,-50.00,8.59,89.00,1.70
70.042,-50.00,8.59,89.00,1.70
70.059,-50.00,8.59,89.00,1.76
70.076,-50.00,8.59,89.00,1.76
70.092,-50.00,8.59,89.00,1.70
70.126,-50.00,8.59,89.00,1.70
70.159,-50.00,8.59,89.00,1.70
70.192,-50.00,8.59,89.00,1.70
70.209,-50.00,8.59,89.00,70.226,-50.00,8.59,89.00,1.70
70.242,-50.00,8.59,89.00,1.76
70.259,-50.00,8.59,89.00,1.70
70.276,-50.00,8.59,89.00,1.70
70.292,-50.00,8.59,89.00,1.70
70.309,-50.00,8.59,89.00,1.76
70.326,-50.00,8.59,89.00,1.70
70.342,-50.00,8.59,89.00,1.70
70.359,-50.00,8.59,89.00,1.70
70.376,-50.00,8.59,89.00,1.76
70.393,-50.00,8.59,89.00,1.70
.664,-2.64,0.00,2.44,1.06
1.679,-1.71,0.00,2.25,0.69
1.692,-0.95,0.00,2.00,1.17
1.706,2.48,0.00,1.44,1.38
1.736,9.61,0.00,-0.19,1.65
1.750,13.18,0.00,-0.94,1.49
1.767,-1.13,0.00,-1.19,1.70
1.780,-8.84,0.00,-0.56,1.44
1.794,-12.01,0.00,0.19,1.49
1.808,-10.64,0.00,1.44,1.49
1.822,-3.54,0.00,1.63,1.49
1.839,-0.26,0.00,1.44,1.70
1.852,1.96,0.00,1.12,1.44
1.868,1.21,0.00,0.63,1.70
1.883,-1.33,0.00,0.56,1.49
1.896,-5.52,0.00,0.88,1.44
1.910,-6.32,0.00,1.06,1.49
1.927,-5.84,0.00,1.44,1.76
1.941,-4.61,0.00,1.44,1.44
1.970,-2.26,0.00,1.25,1.60
1.985,-3.14,0.00,1.19,1.54
1.999,-3.92,0.00,1.19,1.49
2.012,-4.81,0.00,1.25,1.38
2.029,-5.88,0.00,1.44,1.70
2.042,-5.63,0.00,1.50,1.44
2.056,-5.03,0.00,1.56,1.38
2.071,-5.04,0.00,1.56,1.54
2.085,-5.07,0.00,1.56,1.54
2.099,-5.27,0.00,1.63,1.44
2.113,-5.57,0.00,1.63,1.44
2.129,-5.97,0.00,1.69,1.65
2.143,-6.07,0.00,1.69,1.44
2.156,-5.36,0.00,1.69,1.44
2.171,-4.96,0.00,1.63,1.49
2.186,-4.75,0.00,1.56,1.54
2.200,-4.70,0.00,1.50,1.44
2.214,-5.11,0.00,1.44,1.54
2.230,-5.39,0.00,1.37,1.65
2.243,-5.59,0.00,1.37,1.38
7,-5.46,0.00,1.37,1.44
2.271,-5.56,0.00,1.37,1.49
2.301,-5.03,0.00,1.25,1.44
2.314,-4.96,0.00,1.19,1.44
2.330,-5.22,0.00,1.12,1.65
2.344,-5.59,0.00,1.12,1.38
2.357,-5.59,0.00,1.12,1.44
2.372,-5.37,0.00,1.12,1.49
2.387,-5.11,0.00,1.06,1.60
2.401,-5.18,0.00,1.00,1.44
2.415,-5.90,0.00,1.00,1.44
2.430,-6.32,0.00,1.06,1.60
2.444,-6.32,0.00,1.06,1.44
2.458,-5.78,0.00,1.06,1.44
2.472,-5.42,0.00,1.00,1.44
2.487,-5.73,0.00,1.00,1.60
2.501,-5.94,0.00,0.94,1.44
2.515,-5.78,0.00,0.94,1.44
2.531,-5.60,0.00,0.94,1.65
2.544,-5.65,0.00,0.88,1.44
2.558,-6.21,0.00,0.88,1.44
2.572,-6.54,0.00,0.94,1.44
2.588,-6.31,0.00,0.94,1.65
2.602,-5.90,0.00,0.88,1.44
2.616,-5.77,0.00,0.88,1.49
2.631,-5.70,0.00,0.81,1.54
2.659,-5.43,0.00,0.69,1.38
2.673,-5.53,0.00,0.69,1.49
2.688,-5.85,0.00,0.63,1.60
2.702,-6.43,0.00,0.63,1.49
2.718,-6.39,0.00,0.69,1.65
2.733,-5.87,0.00,0.69,1.49
2.746,-5.47,0.00,0.63,1.38
2.760,-6.42,0.00,0.63,1.44
2.774,-7.05,0.00,0.63,1.38
2.791,-7.08,0.00,0.75,1.76
2.804,-6.47,0.00,0.75,1.38
2.820,-6.07,0.00,0.69,1.65
2.834,-6.47,0.00,0.69,1.44
2.862,-6.72,0.00,0.69,1.44
2.875,-7.48,0.00,0.75,1.44
2.891,-7.57,0.00,0.81,1.70
2.905,-7.49,0.00,0.88,1.38
2.921,-6.73,0.00,0.81,1.70
2.935,-6.69,0.00,0.81,1.38
2.948,-6.82,0.00,0.75,1.44
2.963,-6.87,0.00,0.75,1.44
2.977,-7.08,0.00,0.75,1.54
2.992,-7.45,0.00,0.75,1.60
3.006,-7.89,0.00,0.81,1.44
3.022,-7.91,0.00,0.88,1.60
3.037,-7.62,0.00,0.88,1.54
3.050,-7.06,0.00,0.81,1.44
3.064,-7.14,0.00,0.81,1.44
3.080,-7.44,0.00,0.75,1.60
3.094,-7.66,0.00,0.75,1.49
3.110,-7.25,0.00,0.75,1.65
3.124,-6.29,0.00,0.69,1.44
3.140,-5.36,0.00,0.50,1.70
3.154,-5.02,0.00,0.37,1.44
3.170,-2.75,0.00,0.00,1.65
3.184,-0.81,0.00,-0.31,1.49
3.197,1.64,0.00,-0.75,1.38
3.225,10.63,0.00,-2.56,1.38
3.242,17.88,0.00,-4.31,1.70
3.255,21.29,0.00,-5.38,1.44
3.272,25.61,0.00,-7.44,1.70
3.286,27.08,0.00,-8.44,1.44
3.299,29.62,0.00,-10.19,1.38
3.313,31.75,0.00,-11.00,1.49
3.329,37.79,0.00,-12.88,1.60
3.344,44.13,0.00,-14.06,1.54
3.358,48.32,0.00,-15.25,1.44
3.373,50.00,0.00,-17.75,1.65
3.388,50.00,0.00,-18.87,1.49
3.402,50.00,0.00,-20.87,1.44
3.416,50.00,0.00,-21.69,1.44
3.432,50.00,0.00,-23.19,1.76
3.446,50.00,0.00,-23.94,1.38
3.460,50.00,0.00,-25.50,1.44
3.474,50.00,0.00,-26.25,1.54
3.490,50.00,0.00,-26.94,1.653.504,50.00,0.00,-28.12,1.44
3.519,50.00,0.00,-29.06,1.60
3.534,50.00,0.00,-29.50,1.60
3.548,50.00,0.00,-29.87,1.44
3.562,50.00,0.00,-30.31,1.44
3.575,50.00,0.00,-30.37,1.44
3.592,50.00,0.00,-30.31,1.76
3.606,50.00,0.00,-30.19,1.44
3.636,50.00,0.00,-30.19,1.44
3.650,50.00,0.00,-30.06,1.44
3.664,50.00,8.59,-29.81,1.49
3.679,50.00,8.59,-29.69,1.54
3.694,50.00,8.59,-29.25,1.60
3.708,50.00,8.59,-28.94,1.44
3.724,50.00,8.59,-27.87,1.70
3.738,50.00,8.59,-27.12,1.49
3.752,50.00,8.59,-25.19,1.44
3.766,50.00,8.59,-24.19,1.44
3.782,50.00,8.59,-22.00,1.70
3.796,49.34,8.59,-20.87,1.49
3.810,47.27,8.59,-18.87,1.44
3.825,45.22,8.59,-17.81,1.54
3.840,40.29,8.59,-16.69,1.60
3.854,34.71,8.59,-14.19,1.49
3.884,24.14,8.59,-9.88,1.65
3.898,20.28,8.59,-8.31,1.44
3.912,14.30,8.59,-5.13,1.44
3.926,13.10,8.59,-3.63,1.44
3.942,12.05,8.59,-1.00,1.70
3.956,12.27,8.59,0.06,1.44
.972,11.67,8.59,2.00,1.70
3.986,10.79,8.59,2.94,1.49
4.000,10.18,8.59,3.75,1.44
4.014,8.59,8.59,5.31,1.44
4.028,7.59,8.59,6.06,1.44
4.044,4.26,8.59,7.56,1.76
4.058,2.44,8.59,8.38,1.38
4.074,-1.09,8.59,10.00,1.70
4.088,-2.46,8.59,10.81,1.44
4.102,-2.04,8.59,12.13,1.44
4.116,-2.37,8.59,12.63,1.49
4.131,-6.37,8.59,13.88,1.60
4.146,-8.15,8.59,14.50,1.54
4.160,-8.71,8.59,15.13,1.444.175,-9.89,8.59,16.19,1.65
4.190,-10.08,8.59,16.62,1.494.204,-12.25,8.59,17.44,1.49
4.218,-14.97,8.59,17.94,1.38
4.234,-16.74,8.59,18.94,1.76
4.248,-15.46,8.59,19.25,1.44
62,-9.56,8.59,19.19,1.38
4.276,-7.08,8.59,18.94,1.54
4.292,-1.68,8.59,17.94,1.65
4.306,1.58,8.59,17.25,1.44
4.336,13.74,8.59,14.25,1.54
4.350,18.23,8.59,13.00,1.38
4.364,28.79,8.59,9.94,1.44
4.378,33.90,8.59,8.25,1.44
4.394,44.10,8.59,4.50,1.70
4.408,48.12,8.59,2.63,1.44
4.425,50.00,8.59,-1.12,1.76
4.438,50.00,8.59,-3.19,1.38
4.466,50.00,8.59,-9.13,1.44
4.480,50.00,8.59,-10.81,1.49
4.496,50.00,8.59,-13.56,1.70
4.510,50.00,8.59,-14.69,1.4.526,50.00,8.59,-16.75,1.65
4.540,50.00,8.59,-17.81,1.49
4.554,50.00,8.59,-19.75,1.44
4.568,50.00,8.59,-20.50,1.49
4.584,50.00,8.59,-21.69,1.70
4.598,50.00,8.59,-22.12,1.44
4.612,50.00,8.59,-22.50,1.44
4.627,50.00,8.59,-22.37,1.60
4.642,50.00,8.59,-22.00,1.60
4.656,50.00,8.59,-20.37,1.44
4.670,50.00,8.59,-19.31,1.49
4.686,50.00,8.59,-17.19,1.65
4.714,50.00,8.59,-14.69,1.44
4.728,50.00,8.59,-13.94,1.494.744,46.27,8.59,-12.25,1.65
4.758,43.51,8.59,-11.31,1.44
4.774,38.78,8.59,-9.31,1.65
4.788,38.49,8.59,-8.38,1.54
2,40.02,8.59,-7.69,1.38
4.816,43.43,8.59,-6.81,1.49
4.830,43.81,8.59,-6.50,1.44
4.846,40.57,8.59,-5.69,1.76
4.860,37.99,8.59,-5.19,1.44
4.876,31.56,8.59,-3.75,1.70
4.890,29.28,8.59,-2.94,1.44
4.904,28.40,8.59,-2.13,1.38
4.918,25.58,8.59,-0.56,1.49
4.933,23.29,8.59,0.25,1.60
4.948,20.80,8.59,1.81,1.60
4.962,20.70,8.59,2.56,1.38
4.977,18.31,8.59,3.88,1.65
5.006,19.30,8.59,5.50,1.44
5.019,22.25,8.59,5.69,1.44
5.036,31.74,8.59,5.25,1.70
5.050,36.01,8.59,4.69,1.44
5.063,42.27,8.59,3.19,1.38
5.078,44.48,8.59,2.38,1.60
5.107,49.89,8.59,-0.12,1.44
5.122,50.00,8.59,-1.00,1.54
5.138,50.00,8.59,-2.81,1.60
5.151,50.00,8.59,-3.63,1.44
5.165,50.00,8.59,-5.19,1.44
5.179,50.00,8.59,-5.75,1.49
5.195,50.00,8.59,-6.50,1.65
5.209,49.35,8.59,-6.50,1.44
5.239,39.32,8.59,-5.38,1.54
5.253,37.71,8.59,-4.81,1.38
5.267,36.96,8.59,-3.88,1.44
5.280,36.68,8.59,-3.44,1.44
5.297,35.67,8.59,-2.63,1.81
5.311,35.62,8.59,-2.31,1.38
5.327,36.85,8.59,-1.81,1.76
5.341,38.67,8.59,-1.69,1.38
5.355,42.89,8.59,-1.75,1.44
5.369,45.27,8.59,-2.25,1.44
5.383,48.80,8.59,-2.63,1.54
5.399,50.00,8.59,-3.56,1.60
5.413,50.00,8.59,-4.06,1.38
5.428,50.00,8.59,-4.88,1.65
5.456,50.00,8.59,-5.69,1.44
5.470,50.00,8.59,-5.88,1.44
5.487,47.05,8.59,-5.88,1.65
5.501,44.29,8.59,-5.63,1.49
5.514,39.58,8.59,-4.88,1.44
5.529,38.52,8.59,-4.44,1.54
5.544,38.08,8.59,-4.00,1.54
5.558,39.34,8.59,-3.44,1.44
5.572,39.98,8.59,-3.25,1.44
5.588,40.29,8.59,-2.94,1.70
5.602,40.07,8.59,-2.81,1.44
5.616,41.29,8.59,-2.69,1.44
5.630,42.45,8.59,-2.69,1.49
5.646,43.25,8.59,-2.75,1.60
5.660,43.09,8.59,-2.88,1.44
5.675,42.01,8.59,-2.88,1.60
5.690,41.86,8.59,-2.88,1.54
5.703,41.44,8.59,-2.81,1.44
5.717,41.23,8.59,-2.69,1.44
5.748,40.27,8.59,-2.50,1.70
5.761,39.58,8.59,-2.38,1.44
5.778,38.52,8.59,-2.13,1.70
5.791,37.58,8.59,-1.94,1.44
5.805,38.12,8.59,-1.81,1.44
5.819,40.89,8.59,-1.88,1.49
5.833,41.22,8.59,-1.94,1.44
5.849,39.84,8.59,-1.88,1.70
5.863,39.37,8.59,-1.81,1.44
5.879,39.59,8.59,-1.75,1.65
5.893,39.11,8.59,-1.69,1.44
5.907,36.65,8.59,-1.37,1.44
5.921,35.74,8.59,-1.19,1.44
5.937,36.76,8.59,-0.88,1.65
5.951,38.05,8.59,-0.81,1.49
5.965,38.77,8.59,-0.88,1.44
5.980,37.79,8.59,-0.81,1.54
5.995,36.95,8.59,-0.75,1.54
6.009,35.16,8.59,-0.44,1.44
6.023,34.44,8.59,-0.25,1.44
6.039,33.18,8.59,0.19,1.70
6.053,33.36,8.59,0.37,1.44
6.067,35.68,8.59,0.50,1.38
6.081,37.71,8.59,0.37,1.54
6.097,37.26,8.59,0.25,1.65
6.111,36.57,8.59,0.25,1.44
6.126,35.24,8.59,0.44,1.60
6.141,33.90,8.59,0.56,1.49
6.155,31.27,8.59,0.88,1.44
6.169,26.28,8.59,1.75,1.44
6.182,25.77,8.59,2.13,16.199,27.96,8.59,2.69,1.65
6.213,29.55,8.59,2.81,1.44
6.229,31.32,8.59,2.81,1.76
6.243,31.50,8.59,2.75,1.38
6.256,31.15,8.59,2.75,1.44
6.270,30.25,8.59,2.88,1.44
6.284,29.75,8.59,2.94,1.44
6.301,28.46,8.59,3.19,1.70
6.314,27.86,8.59,3.31,1.38
6.331,27.42,8.59,3.63,1.70
6.345,28.15,8.59,3.75,1.44
6.358,29.59,8.59,3.75,1.44
6.372,30.16,8.59,3.69,1.44
6.388,31.90,8.59,3.44,1.65
6.403,32.03,8.59,3.31,1.49
6.416,30.13,8.59,3.25,1.44
6.432,29.32,8.59,3.31,1.60
6.446,28.70,8.59,3.38,1.49
6.460,27.72,8.59,3.63,1.49
6.474,28.18,8.59,3.69,1.38
6.490,30.63,8.59,3.56,1.70
6.504,31.14,8.59,3.50,1.44
6.517,30.63,8.59,3.38,1.38
6.532,29.92,8.59,3.38,1.54
6.548,29.34,8.59,3.38,1.60
6.562,29.06,8.59,3.44,1.44
6.576,28.21,8.59,3.50,1.49
6.592,26.95,8.59,3.75,1.60
6.605,26.16,8.59,3.88,1.44
6.619,27.21,8.59,4.13,1.38
6.633,28.48,8.59,4.13,1.49
6.649,30.65,8.59,4.00,16.663,30.71,8.59,3.94,1.44
6.679,29.71,8.59,3.81,1.65
6.693,28.66,8.59,3.88,1.49
6.707,27.58,8.59,3.94,1.44
6.721,26.87,8.59,4.19,1.38
6.735,27.58,8.59,4.19,1.44
6.765,29.62,8.59,4.06,1.38
6.782,29.02,8.59,4.00,1.706.795,28.85,8.59,4.00,1.44
6.809,29.31,8.59,4.00,1.38
6.823,29.67,8.59,3.94,1.49
6.838,30.03,8.59,3.88,1.54
6.853,30.73,8.59,3.81,1.60
6.867,32.38,8.59,3.69,1.38
6.883,33.65,8.59,3.31,1.65
6.897,33.99,8.59,3.13,1.49
6.911,34.11,8.59,2.75,1.44
6.925,33.87,8.59,2.63,1.44
6.941,32.29,8.59,2.44,1.70
6.955,32.11,8.59,2.44,1.44
6.969,33.92,8.59,2.19,1.38
6.984,33.83,8.59,2.13,1.60
6.999,33.35,8.59,2.06,1.60
7.013,34.73,8.59,1.88,1.44
7.027,39.42,8.59,1.69,1.49
7.043,40.88,8.59,0.94,1.60
7.070,40.12,8.59,0.19,1.38
7.085,38.72,8.59,0.12,1.49
7.101,38.04,8.59,-0.06,1.65
7.114,37.96,8.59,-0.12,1.44
7.129,37.55,8.59,-0.19,1.54
7.144,36.12,8.59,-0.19,1.54
7.158,33.23,8.59,0.00,1.44
7.171,28.37,8.59,0.81,1.44
7.185,25.99,8.59,1.37,1.49
7.202,20.06,8.59,2.81,1.70
7.216,20.37,8.59,3.50,1.44
7.232,32.51,8.59,3.69,1.70
7.246,40.59,8.59,3.13,1.44
7.259,48.70,8.59,2.31,1.44
7.273,50.00,8.59,0.25,1.44
7.288,50.00,8.59,-0.69,1.49
7.304,50.00,8.59,-2.44,1.70
7.317,50.00,8.59,-3.06,1.44
7.334,49.11,8.59,-3.75,1.70
7.347,46.86,8.59,-3.88,1.44
7.361,42.96,8.59,-3.69,1.44
7.375,41.77,8.59,-3.50,1.49
7.391,41.34,8.59,-3.13,1.65
7.406,41.29,8.59,-3.00,1.54
7.419,39.11,8.59,-2.81,1.44
7.435,36.71,8.59,-2.25,1.60
7.449,35.22,8.59,-1.88,1.54
7.463,34.36,8.59,-1.12,1.49
7.493,37.52,8.59,-0.69,1.70
7.507,37.91,8.59,-0.63,1.44
7.521,38.61,8.59,-0.63,1.44
7.536,38.83,8.59,-0.63,1.54
7.551,36.62,8.59,-0.56,1.65
7.565,33.81,8.59,-0.19,1.49
7.581,27.17,8.59,0.88,1.60
7.595,24.17,8.59,1.56,1.54
7.609,21.74,8.59,2.38,1.44
7.623,18.97,8.59,3.88,1.49
7.637,18.58,8.59,4.56,1.44
7.653,17.47,8.59,5.81,1.70
7.667,15.68,8.59,6.44,1.44
7.684,9.68,8.59,7.94,1.76
7.697,6.61,8.59,8.81,1.49
7.711,6.21,8.59,9.69,1.44
7.725,5.19,8.59,11.19,1.49
7.740,8.51,8.59,11.69,1.60
7.756,8.53,8.59,12.31,1.70
7.769,7.68,8.59,12.63,7.785,5.36,8.59,13.19,1.70
7.799,3.73,8.59,13.56,1.60
7.813,2.01,8.59,14.38,1.49
7.827,2.41,8.59,14.63,1.49
7.858,3.91,8.59,15.00,1.54
7.871,4.40,8.59,15.06,1.49
7.886,4.77,8.59,15.00,1.60
7.902,5.53,8.59,14.88,1.70
7.915,8.34,8.59,14.44,1.49
7.929,10.46,8.59,14.06,1.54
7.959,13.29,8.59,12.88,1.44
7.987,17.80,8.59,11.25,1.54
8.003,21.80,8.59,10.00,1.70
8.017,23.37,8.59,9.31,1.54
8.033,26.50,8.59,7.94,1.70
8.047,29.17,8.59,7.13,1.60
8.061,32.23,8.59,6.31,1.49
8.075,35.51,8.59,4.56,1.49
8.089,34.76,8.59,3.88,1.49
8.119,31.25,8.59,2.69,1.49
8.135,28.82,8.59,2.50,1.81
8.149,27.51,8.59,2.56,1.49
8.163,25.02,8.59,2.69,1.49
8.177,23.60,8.59,3.19,1.49
8.192,24.50,8.59,3.56,1.65
8.207,25.97,8.59,3.69,1.65
8.221,28.92,8.59,3.69,1.49
8.237,30.61,8.59,3.44,1.65
8.251,31.84,8.59,3.25,1.60
8.265,34.04,8.59,2.75,1.49
8.278,36.15,8.59,2.44,1.49
8.295,43.98,8.59,1.31,1.76
8.309,49.45,8.59,0.44,1.49
8.322,50.00,8.59,-2.13,1.44
8.337,50.00,8.59,-3.75,1.65
8.353,50.00,8.59,-5.38,1.60
8.367,50.00,8.59,-8.50,1.49
8.381,50.00,8.59,-9.81,1.49
8.396,50.00,8.59,-11.88,1.70
8.410,50.00,8.59,-12.56,1.44
8.424,50.00,8.59,-13.44,1.49
8.438,50.00,8.59,-13.75,1.49
8.454,50.00,8.59,-13.88,1.70
8.468,50.00,8.59,-13.75,1.44
8.483,50.00,8.59,-13.06,1.65
8.498,50.00,8.59,-12.56,1.54
8.512,48.76,8.59,-11.81,1.44
8.525,37.12,8.59,-9.63,1.49
8.539,30.38,8.59,-8.19,1.44
8.556,16.58,8.59,-4.63,1.76
8.570,10.55,8.59,-2.63,1.38
8.586,2.31,8.59,1.50,1.76
8.600,1.30,8.59,3.31,1.44
8.614,5.72,8.59,4.94,1.44
8,4.36,8.59,7.44,1.49
8.642,10.50,8.59,8.31,1.54
8.658,12.61,8.59,9.31,1.65
8.672,19.12,-8.59,9.38,1.44
8.688,23.12,-8.59,8.50,1.65
8.702,26.44,-8.59,7.88,1.49
8.716,31.01,-8.59,6.25,1.48.730,32.89,-8.59,5.38,1.49
8.746,46.52,-8.59,2.69,1.70
8.760,50.00,-8.59,1.00,1.49
8.774,50.00,-8.59,-2.50,1.44
8.789,50.00,-8.59,-4.00,1.60
8.804,50.00,-8.59,-5.25,1.54
8.818,42.58,-8.59,-6.44,1.49
8.831,34.99,-8.59,-6.38,1.49
8.848,22.77,-8.59,-5.25,1.70
8.861,17.78,-8.59,-4.44,1.44
8.875,8.15,-8.59,-2.31,1.44
8.890,1.99,-8.59,-0.94,1.54
8.905,-4.94,-8.59,0.50,1.60
8.919,-12.65,-8.59,3.63,1.49
8.934,-19.15,-8.59,6.75,1.54
8.949,-23.25,-8.59,8.31,1.60
8.963,-26.87,-8.59,9.81,1.44
8.977,-27.78,-8.59,12.38,1.44
8.990,-25.22,-8.59,13.19,1.44
9.007,-12.78,-8.59,13.44,1.76
9.021,-5.50,-8.59,12.81,1.44
9.038,11.90,-8.59,10.13,1.76
9.052,18.36,-8.59,8.38,1.44
9.065,27.98,-8.59,6.31,1.44
9.079,36.99,-8.59,1.81,1.49
9.094,32.06,-8.59,-0.31,1.54
9.109,28.50,-8.59,-3.19,1.65
9.123,10.63,-8.59,-3.69,1.44
9.139,1.34,-8.59,-3.06,1.70
9.153,-7.08,-8.59,-2.13,1.49
9.167,-21.55,-8.59,0.63,1.49
9.181,-26.99,-8.59,2.25,1.54
9.197,-31.47,-8.59,5.31,1.76
9.211,-32.04,-8.59,6.56,1.49
9.225,-26.33,-8.59,8.19,1.44
9.240,-23.14,-8.59,8.44,1.60
9.255,-14.79,-8.59,8.44,1.60
9.269,-8.44,-8.59,7.44,1.49
9.283,2.26,-8.59,6.44,1.49
9.299,10.57,-8.59,3.56,1.70
9.313,15.45,-8.59,1.88,1.49
9.326,19.66,-8.59,-1.37,1.44
9.341,18.33,-8.59,-2.69,1.54
9.357,10.34,-8.59,-3.75,1.70
9.370,6.41,-8.59,-4.81,1.44
9.386,-7.09,-8.59,-4.31,1.65
9.401,-14.21,-8.59,-3.50,1.60
9.414,-20.90,-8.59,-2.44,1.44
9.428,-30.47,-8.59,0.12,1.44
9.442,-32.81,-8.59,1.37,1.44
9.458,-33.02,-8.59,3.50,1.81
9.472,-32.04,-8.59,4.25,1.44
9.489,-27.71,-8.59,5.06,1.76
9.516,-25.63,-8.59,5.31,1.44
9.531,-27.05,-8.59,5.38,1.49
9.546,-31.15,-8.59,5.56,1.60
9.561,-33.78,-8.59,6.06,1.9.575,-34.62,-8.59,6.38,1.44
9.590,-35.89,-8.59,6.81,1.65
9.605,-36.39,-8.59,7.00,1.54
9.619,-34.68,-8.59,7.06,1.44
9.632,-34.80,-8.59,7.00,1.44
9.649,-35.44,-8.59,6.88,1.76
9.663,-37.00,-8.59,6.81,1.44
9.676,-40.29,-8.59,7.00,1.44
9.691,-41.85,-8.59,7.13,1.60
9.707,-44.12,-8.59,7.31,1.65
9.721,-46.43,-8.59,7.75,1.44
9.735,-48.30,-8.59,7.94,1.54
9.751,-50.00,-8.59,8.56,1.65
9.765,-50.00,-8.59,9.06,1.44
9.778,-50.00,-8.59,10.31,1.44
9.793,-50.00,-8.59,10.81,1.49
9.809,-50.00,-8.59,11.19,1.76
9.823,-50.00,-8.59,11.06,1.44
9.839,-50.00,-8.59,10.56,1.70
9.853,-50.00,-8.59,10.25,1.49
9.867,-50.00,-8.59,10.00,1.44
9.881,-50.00,-8.59,9.63,1.44
9.895,-50.00,-8.59,9.44,1.44
9.911,-50.00,-8.59,9.06,1.76
9.925,-50.00,-8.59,8.88,1.44
9.941,-50.00,-8.59,8.75,1.70
9.955,-50.00,-8.59,8.69,1.44
9.969,-50.00,-8.59,8.88,1.44
9.982,-50.00,-8.59,9.13,1.44
9.998,-50.00,-8.59,9.44,1.60
10.013,-50.00,-8.59,9.44,1.60
10.026,-50.00,-8.59,9.31,1.44
10.042,-50.00,-8.59,9.00,1.60
10.057,-50.00,-8.59,8.88,1.54
10.070,-50.00,-8.59,8.69,1.44
10.084,-50.00,-8.59,8.56,1.44
10.101,-50.00,-8.59,8.50,1.76
10.114,-50.00,-8.59,8.50,110.128,-50.00,-8.59,8.94,1.44
10.143,-50.00,-8.59,9.19,1.54
10.157,-50.00,-8.59,9.38,1.49
10.171,-50.00,-8.59,9.69,1.49
10.185,-50.00,-8.59,9.81,1.44
10.201,-50.00,-8.59,10.00,1.70
10.215,-50.00,-8.59,10.06,1.44
10.229,-50.00,-8.59,10.19,1.44
10.244,-50.00,-8.59,10.19,1.54
10.260,-50.00,-8.59,10.19,1.70
10.273,-50.00,-8.59,10.31,1.44
10.288,-50.00,-8.59,10.50,1.49
10.303,-50.00,-8.59,10.88,1.60
10.317,-50.00,-8.59,11.06,1.44
10.331,-50.00,-8.59,11.50,1.44
10.345,-50.00,-8.59,11.63,1.49
10.360,-50.00,-8.59,12.06,1.65
10.374,-50.00,-8.59,12.25,1.44
10.388,-50.00,-8.59,12.44,1.49
10.403,-50.00,-8.59,12.88,1.60
10.417,-50.00,-8.59,13.06,1.44
10.431,-50.00,-8.59,13.44,1.44
10.445,-50.00,-8.59,13.56,1.49
10.461,-50.00,-8.59,13.88,1.70
10.475,-50.00,-8.59,14.06,1.44
10.491,-50.00,-8.59,14.44,1.65
10.505,-50.00,-8.59,14.63,1.49
10.519,-50.00,-8.59,14.81,1.4410.533,-50.00,-8.59,15.13,1.44
10.547,-50.00,-8.59,15.25,1.44
10.563,-50.00,-8.59,15.44,1.76
10.577,-50.00,-8.59,15.50,1.44
10.593,-50.00,-8.59,15.69,1.70
10.607,-50.00,-8.59,15.75,1.49
10.621,-50.00,-8.59,15.81,1.44
10.635,-50.00,-8.59,15.81,1.49
10.650,-50.00,-8.59,15.75,1.60
10.665,-50.00,-8.59,15.69,1.65
10.679,-50.00,-8.59,15.69,1.49
10.694,-50.00,-8.59,15.69,1.65
10.709,-50.00,-8.59,15.69,1.60
10.723,-50.00,-8.59,15.56,1.54
10.737,-50.00,-8.59,15.50,1.49
10.753,-50.00,-8.59,15.38,1.76
10.767,-50.00,-8.59,15.31,1.49
10.781,-50.00,-8.59,15.31,1.49
10.795,-50.00,-8.59,15.38,1.54
10.811,-50.00,-8.59,15.44,1.70
10.825,-50.00,-8.59,15.63,1.49
10.839,-50.00,-8.59,15.63,1.49
10.855,-50.00,-8.59,15.56,1.70
10.868,-50.00,-8.59,15.50,1.49
10.882,-50.00,-8.59,15.31,1.49
10.896,-50.00,-8.59,15.13,1.54
10.913,-50.00,-8.59,14.75,1.76
10.926,-50.00,-8.59,14.56,1.49
10.942,-50.00,-8.59,14.31,1.65
10.956,-50.00,-8.59,14.25,1.60
10.970,-50.00,-8.59,14.13,1.44
10.984,-50.00,-8.59,13.69,1.54
10.998,-50.00,-8.59,13.38,1.49
11.014,-50.00,-8.59,12.88,1.7611.028,-50.00,-8.59,12.75,1.49
11.044,-50.00,-8.59,12.63,1.76
11.058,-50.00,-8.59,12.63,1.49
11.072,-50.00,-8.59,12.63,1.49
11.086,-50.00,-8.59,12.56,1.49
11.101,-50.00,-8.59,12.44,1.65
11.116,-50.00,-8.59,12.31,1.60
11.130,-50.00,-8.59,12.19,1.49
11.146,-50.00,-8.59,12.00,1.70
11.160,-50.00,-8.59,11.88,1.6011.174,-50.00,-8.59,11.75,1.49
11.188,-50.00,-8.59,11.69,1.49
11.205,-50.00,-8.59,11.50,1.76
11.218,-50.00,-8.59,11.38,1.49
11.232,-50.00,-8.59,11.38,1.49
11.247,-50.00,-8.59,11.38,1.60
11.263,-50.00,-8.59,11.44,1.65
11.276,-50.00,-8.59,11.56,1.49
11.291,-50.00,-8.59,11.63,1.54
11.306,-50.00,-8.59,11.63,1.70
11.320,-50.00,-8.59,11.63,1.44
11.334,-50.00,-8.59,11.50,1.49
11.348,-50.00,-8.59,11.44,1.54
11.363,-50.00,-8.59,11.25,1.65
11.377,-50.00,-8.59,11.19,1.49
11.391,-50.00,-8.59,11.06,1.49
11.406,-50.00,-8.59,10.81,1.65
11.420,-50.00,-8.59,10.69,1.4911.434,-50.00,-8.59,10.19,1.49
11.448,-50.00,-8.59,9.94,1.54
11.465,-50.00,-8.59,9.31,1.76
11.478,-49.39,-8.59,9.00,1.49
11.494,-45.79,-8.59,8.19,1.65
11.508,-42.66,-8.59,7.63,1.54
11.536,-29.00,-8.59,4.75,1.54
,-27.03,-8.59,3.69,1.49
11.566,-26.75,-8.59,1.81,1.76
11.580,-27.88,-8.59,1.12,1.49
11.596,-31.37,-8.59,0.19,1.76
11.610,-33.36,-8.59,0.00,1.54
11.624,-35.26,-8.59,-0.19,1.44
11.638,-33.84,-8.59,-0.37,1.49
11.654,-27.64,-8.59,-1.06,1.70
11.668,-24.10,-8.59,-1.69,1.60
11.682,-20.94,-8.59,-2.38,1.44
11.697,-19.54,-8.59,-3.75,1.65
11.713,-20.62,-8.59,-4.25,1.65
11.740,-23.98,-8.59,-5.06,1.44
11.770,-23.41,-8.59,-5.63,1.44
11.784,-22.53,-8.59,-6.00,1.49
11.798,-21.70,-8.59,-6.19,1.54
11.814,-19.28,-8.59,-6.69,1.70
11.828,-17.03,-8.59,-7.06,1.49
11.843,-12.30,-8.59,-8.13,1.60
11.858,-11.77,-8.59,-8.69,1.60
11.886,-17.64,-8.59,-9.31,1.49
11.916,-26.47,-8.59,-8.56,1.76
11.930,-29.61,-8.59,-8.00,1.49
11.946,-34.67,-8.59,-6.63,1.70
11.960,-36.23,-8.59,-5.94,1.44
11.973,-37.68,-8.59,-5.19,1.49
12.001,-40.98,-8.59,-3.13,1.49
12.031,-47.99,-8.59,-0.88,1.44
12.047,-50.00,-8.59,1.06,1.70
12.062,-50.00,-8.59,2.13,1.49
12.075,-50.00,-8.59,4.19,1.44
12.089,-50.00,-8.59,5.19,1.49
12.120,-50.00,-8.59,7.88,1.54
12.133,-50.00,-8.59,8.63,1.44
12.149,-50.00,-8.59,9.81,1.60
12.164,-50.00,-8.59,10.31,1.60
12.178,-50.00,-8.59,11.38,1.44
12.191,-50.00,-8.59,11.94,1.49
12.208,-50.00,-8.59,13.06,1.70
12.222,-50.00,-8.59,13.50,1.44
12.235,-50.00,-8.59,14.25,1.44
12.266,-50.00,-8.59,14.88,1.70
12.295,-50.00,-8.59,15.75,1.54
12.310,-50.00,-8.59,16.00,1.60
12.323,-50.00,-8.59,16.25,1.44
12.337,-50.00,-8.59,16.37,1.44
12.351,-50.00,-8.59,16.25,1.44
12.367,-50.00,-8.59,15.63,1.70
12.381,-50.00,-8.59,15.19,1.44
12.411,-50.00,-8.59,14.00,1.54
12.425,-50.00,-8.59,13.81,1.44
12.438,-50.00,-8.59,13.56,1.44
12.469,-50.00,-8.59,13.00,1.76
12.483,-50.00,-8.59,12.69,1.44
12.499,-50.00,-8.59,11.69,1.70
12.527,-44.96,-8.59,9.69,1.49
12.541,-43.78,-8.59,9.00,1.44
12.556,-42.28,-8.59,7.75,1.60
12.584,-42.10,-8.59,6.63,1.44
12.599,-41.24,-8.59,5.75,1.54
12.614,-41.68,-8.59,5.38,1.54
12.627,-42.44,-8.59,4.81,1.44
12.641,-42.70,-8.59,4.63,1.49
12.657,-43.34,-8.59,4.38,1.612.672,-43.64,-8.59,4.25,1.49
12.685,-44.57,-8.59,4.19,1.44
12.700,-44.94,-8.59,4.19,1.60
12.714,-45.29,-8.59,4.25,1.44
12.728,-46.05,-8.59,4.31,1.49
12.742,-47.16,-8.59,4.44,1.44
12.772,-50.00,-8.59,5.06,1.54
12.786,-50.00,-8.59,5.38,1.49
12.801,-50.00,-8.59,6.06,1.60
12.815,-50.00,-8.59,6.44,1.49
12.828,-50.00,-8.59,7.00,1.49
12.842,-50.00,-8.59,7.19,1.49
12.859,-50.00,-8.59,7.50,1.76
12.872,-50.00,-8.59,7.63,1.54
12.886,-50.00,-8.59,7.69,1.49
12.901,-50.00,-8.59,7.69,1.60
12.917,-50.00,-8.59,7.75,1.65
12.930,-50.00,-8.59,7.88,1.49
12.944,-50.00,-8.59,7.88,1.49
12.960,-50.00,-8.59,8.00,1.76
12.974,-50.00,-8.59,8.06,1.49
12.988,-50.00,-8.59,8.00,1.44
13.002,-50.00,-8.59,8.00,1.60
13.017,-50.00,-8.59,7.94,1.60
13.031,-50.00,-8.59,8.00,1.49
13.045,-50.00,-8.59,8.06,113.061,-50.00,-8.59,8.19,1.76
13.074,-50.00,-8.59,8.19,1.44
13.088,-50.00,-8.59,8.19,1.49
13.102,-50.00,-8.59,8.25,1.54
13.117,-50.00,-8.59,8.31,1.60
13.131,-50.00,-8.59,8.31,1.49
13.145,-50.00,-8.59,8.31,1.44
13.161,-50.00,-8.59,8.31,1.70
13.175,-50.00,-8.59,8.38,1.49
13.188,-50.00,-8.59,8.50,1.44
13.203,-50.00,-8.59,8.56,1.54
13.218,-50.00,-8.59,8.56,1.60
13.232,-50.00,-8.59,8.75,1.49
13.246,-50.00,-8.59,8.88,1.54
13.262,-50.00,-8.59,9.31,1.60
13.276,-50.00,-8.59,9.50,1.44
13.289,-50.00,-8.59,9.81,1.49
13.303,-50.00,-8.59,9.88,1.49
13.320,-50.00,-8.59,10.00,1.70
13.334,-50.00,-8.59,10.06,1.44
13.363,-50.00,-8.59,10.25,1.60
13.376,-50.00,-8.59,10.25,1.44
13.390,-50.00,-8.59,10.31,1.44
13.404,-50.00,-8.59,10.25,1.44
13.421,-50.00,-8.59,10.25,1.81
13.434,-50.00,-8.59,10.31,1.44
13.451,-50.00,-8.59,10.44,1.65
13.464,-50.00,-8.59,10.50,1.49
13.478,-50.00,-8.59,10.50,1.44
13.492,-50.00,-8.59,10.44,1.49
13.506,-50.00,-8.59,10.44,1.44
13.522,-50.00,-8.59,10.44,1.70
13.536,-50.00,-8.59,10.44,1.44
13.565,-50.00,-8.59,10.44,1.49
13.579,-50.00,-8.59,10.50,1.44
13.593,-50.00,-8.59,10.50,1.44
13.607,-50.00,-8.59,10.50,1.49
13.623,-50.00,-8.59,10.56,1.70
13.637,-50.00,-8.59,10.56,1.44
13.652,-50.00,-8.59,10.56,1.60
13.666,-50.00,-8.59,10.56,1.44
13.680,-50.00,8.59,10.56,1.49
13.694,-50.00,8.59,10.56,1.49
13.711,-50.00,8.59,10.50,1.70
13.725,-50.00,8.59,10.50,1.49
13.739,-50.00,8.59,10.56,1.44
13.754,-50.00,8.59,10.63,1.60
13.769,-50.00,8.59,10.69,1.60
13.797,-47.76,8.59,10.75,1.44
13.826,-44.98,8.59,10.75,1.44
13.840,-43.94,8.59,10.63,1.44
13.855,-43.43,8.59,10.63,1.49
13.871,-43.18,8.59,10.63,1.70
13.885,-42.80,8.59,10.69,1.44
13.914,-41.17,8.59,10.75,1.60
13.928,-40.42,8.59,10.75,1.13.943,-39.70,8.59,10.75,1.70
13.957,-38.75,8.59,10.75,1.44
13.973,-37.84,8.59,10.75,1.70
13.987,-37.15,8.59,10.69,1.44
14.002,-37.55,8.59,10.69,1.54
14.016,-37.65,8.59,10.75,1.44
14.030,-38.06,8.59,10.88,1.44
14.044,-40.08,8.59,11.19,1.44
14.058,-37.74,8.59,11.31,1.49
14.074,-36.78,8.59,11.44,1.70
14.088,-35.61,8.59,11.44,1.44
14.104,-35.13,8.59,11.38,1.70
14.132,-33.37,8.59,11.25,1.44
14.146,-33.34,8.59,11.25,1.44
14.163,-33.97,8.59,11.25,1.76
14.177,-34.09,8.59,11.31,1.44
14.190,-34.47,8.59,11.44,1.44
14.205,-34.22,8.59,11.50,1.60
14.220,-33.59,8.59,11.56,1.54
14.234,-32.75,8.59,11.56,1.44
14.248,-32.33,8.59,11.56,1.49
14.264,-31.29,8.59,11.50,1.70
14.278,-30.59,8.59,11.44,1.44
14.292,-29.84,8.59,11.31,1.44
14.306,-29.27,8.59,11.19,1.49
14.322,-30.11,8.59,11.13,1.70
14.336,-30.01,8.59,11.13,1.44
14.350,-30.09,8.59,11.13,1.49
14.365,-30.27,8.59,11.19,1.60
14.379,-29.79,8.59,11.19,1.44
14.393,-28.98,8.59,11.13,1.49
14.407,-28.85,8.59,11.13,1.44
14.424,-28.83,8.59,11.13,1.76
14.437,-28.66,8.59,11.13,1.44
14.454,-28.19,8.59,11.06,1.76
14.468,-28.10,8.59,11.06,1.49
14.482,-28.53,8.59,11.06,1.44
14.496,-28.34,8.59,11.13,1.44
14.510,-27.94,8.59,11.13,1.49
14.526,-27.06,8.59,11.06,1.70
14.555,-28.14,8.59,11.00,1.60
14.569,-28.50,8.59,11.06,1.44
14.582,-28.25,8.59,11.19,1.49
14.596,-27.89,8.59,11.19,1.44
14.611,-27.51,8.59,11.19,1.60
14.627,-26.91,8.59,11.13,1.54
14.640,-26.56,8.59,11.13,1.49
14.656,-26.65,8.59,11.06,1.60
14.671,-26.67,8.59,11.06,1.54
14.685,-27.10,8.59,11.06,1.49
14.698,-27.25,8.59,11.13,1.44
14.715,-26.68,8.59,11.13,1.70
14.729,-26.59,8.59,11.13,1.44
14.759,-27.12,8.59,11.13,1.44
14.776,-27.94,8.59,11.25,1.14.789,-28.02,8.59,11.38,1.44
14.806,-27.17,8.59,11.38,1.70
14.820,-27.13,8.59,11.44,1.49
14.834,-26.71,8.59,11.44,1.44
14.848,-26.21,8.59,11.38,1.49
14.864,-26.18,8.59,11.31,1.65
14.878,-26.27,8.59,11.31,1.49
14.892,-26.26,8.59,11.31,1.44
14.907,-24.41,8.59,11.19,1.60
14.922,-27.19,8.59,11.13,1.60
14.936,-28.02,8.59,11.31,1.44
14.950,-27.93,8.59,11.44,1.44
14.966,-27.58,8.59,11.56,1.70
14.980,-27.21,8.59,11.56,1.44
14.994,-26.96,8.59,11.63,1.44
15.008,-27.49,8.59,11.63,1.54
15.023,-27.19,8.59,11.69,1.60
15.037,-26.73,8.59,11.69,1.44
15.067,-24.92,8.59,11.38,1.54
1.673,0.00,0.00,-1.63,0.16
.664,-13.22,0.00,6.19,5.96
1.679,-13.78,0.00,6.25,0.16
1.693,-14.50,0.00,6.31,0.64
1.706,-15.42,0.00,6.50,0.90
1.737,-25.85,0.00,7.13,0.96
1.750,-31.21,0.00,7.94,0.80
1.767,-31.58,0.00,9.25,0.96
1.781,-31.83,0.00,9.81,1.01
1.794,-27.69,0.00,10.19,1.12
1.809,-27.97,0.00,10.56,1.38
1.823,-12.96,0.00,10.38,1.38
1.839,-7.97,0.00,8.56,1.60
1.853,-4.46,0.00,7.63,1.44
1.869,0.88,0.00,5.31,1.60
1.883,0.64,0.00,4.25,1.54
1.897,-17.98,0.00,3.88,1.44
1.911,-26.28,0.00,4.44,1.49
1.927,-34.17,0.00,6.06,1.81
1.941,-32.39,0.00,6.69,1.49
1.955,-24.63,0.00,7.13,1.44
1.970,-19.32,0.00,6.81,1.60
1.985,-12.53,0.00,6.13,1.60
1.999,-9.39,0.00,4.75,1.49
2.013,-12.01,0.00,4.25,1.44
2.029,-13.52,0.00,3.75,1.70
2.043,-13.90,0.00,3.56,1.44
2.056,-19.52,0.00,3.69,1.44
2.071,-22.54,0.00,4.00,1.542.087,-23.10,0.00,4.56,1.65
2.101,-20.91,0.00,4.63,1.49
2.116,-17.48,0.00,4.31,1.65
2.131,-13.51,0.00,3.88,1.54
2.158,-12.06,0.00,2.50,1.49
2.172,-12.41,0.00,2.13,1.44
2.189,-14.02,0.00,1.63,1.81
2.203,-17.40,0.00,1.69,1.44
2.219,-25.69,0.00,2.50,1.76
2.233,-23.95,0.00,2.94,1.49
2.247,-18.29,0.00,3.06,1.44
2.261,-16.88,0.00,2.94,1.49
2.291,-16.49,0.00,2.56,1.54
2.320,-17.17,0.00,2.13,1.60
2.335,-17.76,0.00,2.06,1.60
2.349,-17.15,0.00,2.00,1.44
2.362,-15.89,0.00,1.88,1.44
2.379,-10.95,0.00,1.25,1.76
2.393,-8.07,0.00,0.75,1.44
2.407,-3.79,0.00,-0.50,1.44
2.421,-2.06,0.00,-1.19,1.60
2.437,-2.79,0.00,-1.81,1.60
2.451,-4.15,0.00,-2.63,1.44
2.465,-2.52,0.00,-2.88,1.54
2.481,1.31,0.00,-3.75,1.65
2.494,5.41,0.00,-4.44,1.38
2.508,11.39,0.00,-6.06,1.44
2.522,11.87,0.00,-6.81,1.49
2.539,12.82,0.00,-8.13,1.70
2.552,13.98,0.00,-8.75,1.44
2.569,19.22,0.00,-10.13,1.70
2.583,20.08,0.00,-10.75,1.44
2.596,21.09,0.00,-11.38,1.44
2.610,23.64,0.00,-12.56,1.49
2.624,23.85,0.00,-13.13,1.44
2.641,24.85,0.00,-13.94,1.70
2.654,22.89,0.00,-14.19,1.44
2.671,22.34,0.00,-14.38,1.70
2.699,25.39,0.00,-14.44,1.44
2.713,25.96,0.00,-14.50,1.49
2.729,21.63,0.00,-14.25,1.70
2.743,16.79,0.00,-13.69,1.2.757,6.54,0.00,-11.88,1.44
2.772,3.77,0.00,-10.75,1.54
2.787,4.93,0.00,-9.69,1.65
2.801,4.58,0.00,-7.94,1.44
2.831,3.50,0.00,-6.13,1.65
2.845,3.03,0.00,-5.50,1.44
2.859,-0.67,0.00,-4.00,1.38
2.873,-1.20,0.00,-3.38,1.49
2.889,-4.86,0.00,-1.94,1.65
2.903,-5.27,0.00,-1.25,1.44
2.918,-7.41,0.00,0.06,1.65
2.933,-6.36,0.00,0.56,1.54
2.947,-4.07,0.00,0.88,1.44
2.960,-0.05,0.00,1.06,1.38
2.974,0.96,0.00,1.00,1.44
2.990,3.29,0.00,0.75,1.76
3.004,3.68,0.00,0.63,1.44
3.021,3.46,0.00,0.31,1.76
3.034,1.52,0.00,0.31,1.44
3.048,-1.16,0.00,0.44,1.38
3.062,-0.25,0.00,0.63,1.49
3.076,3.44,0.00,0.56,1.49
3.092,5.56,0.00,0.19,1.70
3.106,7.35,0.00,-0.12,1.44
3.122,7.50,0.00,-0.69,1.65
3.136,6.58,0.00,-0.88,1.49
3.163,3.73,0.00,-0.94,1.49
3.194,7.21,0.00,-1.19,1.54
3.207,8.61,0.00,-1.37,1.44
3.223,9.06,0.00,-1.81,1.65
3.237,8.17,0.00,-1.88,1.54
3.265,4.42,0.00,-1.75,1.49
3.282,3.88,0.00,-1.50,1.76
3.295,4.46,0.00,-1.44,1.44
3.309,7.00,0.00,-1.50,1.44
3.324,7.59,0.00,-1.56,1.60
3.339,4.46,0.00,-1.56,1.60
.353,1.62,0.00,-1.19,1.49
3.367,1.54,0.00,-0.88,1.54
3.383,3.96,0.00,-0.56,1.65
3.397,7.58,0.00,-0.75,1.44
3.410,13.49,0.00,-1.56,1.44
3.425,14.77,0.00,-2.06,1.54
3.440,15.56,0.00,-2.94,1.65
3.454,15.98,0.00,-3.31,1.49
3.470,15.86,0.00,-3.94,1.65
3.485,13.08,0.00,-4.00,1.49
3.498,12.52,0.00,-4.00,1.49
3.512,11.04,0.00,-3.88,1.49
3.526,12.02,0.00,-3.81,1.44
3.556,15.17,0.00,-4.06,1.44
3.573,15.89,0.00,-4.38,1.76
3.587,14.53,0.00,-4.38,1.44
3.600,9.55,0.00,-4.00,1.49
3.614,7.52,0.00,-3.63,1.49
3.629,7.65,0.00,-2.94,1.60
3.644,9.11,0.00,-2.75,1.60
3.658,12.98,0.00,-2.69,1.49
3.674,14.81,8.59,-2.88,1.70
3.688,15.75,8.59,-3.00,1.54
3.702,17.07,8.59,-3.19,1.49
3.716,19.00,8.59,-3.38,1.49
3.732,23.31,8.59,-3.88,1.76
3.746,23.80,8.59,-4.06,1.54
3.760,26.07,8.59,-4.56,1.44
3.775,27.22,8.59,-4.75,1.65
3.790,27.77,8.59,-5.00,1.65
3.804,28.09,8.59,-5.25,1.49
3.817,28.43,8.59,-5.31,1.49
3.847,28.39,8.59,-5.25,1.49
3.861,27.28,8.59,-4.94,1.49
3.876,28.35,8.59,-4.81,1.54
3.891,28.99,8.59,-4.50,1.76
3.905,28.85,8.59,-4.31,1.49
3.921,25.53,8.59,-3.69,1.70
3.936,24.91,8.59,-3.31,1.60
3.949,24.91,8.59,-2.88,1.49
3.963,22.37,8.59,-2.00,1.49
3.977,24.90,8.59,-1.63,1.38
4.007,28.23,8.59,-1.06,1.12
4.024,31.91,8.59,-1.12,1.33
4.038,32.79,8.59,-1.19,1.12
4.051,33.37,8.59,-1.25,1.4.065,34.02,8.59,-1.31,1.33
4.080,31.57,8.59,-1.25,1.44
4.095,33.09,8.59,-1.00,1.54
4.109,32.90,8.59,-1.00,1.28
4.125,32.58,8.59,-0.81,1.38
4.139,33.06,8.59,-0.69,1.28
4.152,33.03,8.59,-0.50,1.17
4.166,31.44,8.59,-0.31,1.17
4.182,27.38,8.59,0.31,1.284.197,23.10,8.59,0.88,1.12
4.210,14.42,8.59,1.69,1.06
4.226,7.15,8.59,4.00,1.22
4.241,0.48,8.59,5.50,1.22
4.255,-12.95,8.59,9.25,1.17
4.268,-22.31,8.59,11.50,1.17
4.285,-30.96,8.59,15.75,1.44
4.299,-36.65,8.59,17.94,1.22
4.312,-50.00,8.59,22.69,1.28
4.327,-50.00,8.59,25.25,1.33
4.343,-50.00,8.59,30.56,1.54
4.357,-50.00,8.59,33.44,1.33
4.373,-50.00,8.59,39.69,1.60
4.387,-50.00,8.59,43.38,1.44
4.401,-50.00,8.59,47.44,1.38
4.415,-50.00,8.59,56.69,1.44
4.429,-50.00,8.59,62.13,1.38
4.459,-50.00,8.59,89.75,1.28
4.475,-50.00,8.59,93.94,1.60
4.489,-50.00,8.59,94.25,1.33
4.503,-50.00,8.59,96.69,1.33
4.517,-50.00,8.59,97.31,1.44
4.548,-50.00,8.59,94.75,1.49
4.561,-50.00,8.59,92.87,1.334.577,-50.00,8.59,92.00,1.54
4.592,-50.00,8.59,92.44,1.49
4.606,-50.00,8.59,91.25,1.38
4.620,-50.00,8.59,91.06,1.38
4.636,-50.00,8.59,90.94,1.65
4.650,-50.00,8.59,90.75,1.38
4.663,-50.00,8.59,90.87,1.44
4.678,-50.00,8.59,90.69,1.49
4.694,-50.00,8.59,90.62,1.65
4.708,-50.00,8.59,90.50,1.49
4.723,-50.00,8.59,90.44,1.65
4.738,-50.00,8.59,90.44,1.49
4.752,-50.00,8.59,90.44,1.44
4.766,-50.00,8.59,90.31,1.49
4.779,-50.00,8.59,90.37,1.4.796,-50.00,8.59,90.31,1.81
4.810,-50.00,8.59,90.31,1.44
4.826,-50.00,8.59,90.31,1.76
4.840,-50.00,8.59,90.25,1.44
4.854,-50.00,8.59,90.31,1.49
4.868,-50.00,8.59,90.37,1.49
4.883,-50.00,8.59,90.50,1.60
4.898,-50.00,8.59,90.75,1.60
4.912,-50.00,8.59,91.19,1.49
4.927,-50.00,8.59,92.37,1.65
4.942,-50.00,8.59,92.62,1.60
4.956,-50.00,8.59,92.19,1.49
4.970,-50.00,8.59,92.00,1.49
4.986,-50.00,8.59,90.75,1.81
5.000,-50.00,8.59,89.94,1.44
5.014,-50.00,8.59,89.69,1.38
5.029,-50.00,8.59,89.25,1.54
5.044,-50.00,8.59,88.37,1.65
5.058,-50.00,8.59,85.25,1.44
5.074,-50.00,8.59,81.00,1.60
5.088,-50.00,8.59,78.75,1.54
5.102,-50.00,8.59,76.62,1.44
5.116,-50.00,8.59,72.69,1.44
5.130,-50.00,8.59,70.87,1.44
5.146,-50.00,8.59,67.50,1.76
5.177,-50.00,8.59,62.25,1.81
5.204,-50.00,8.59,58.25,1.44
5.218,-50.00,8.59,54.88,1.54
5.233,-50.00,8.59,53.44,1.60
5.249,-50.00,8.59,50.25,1.70
5.263,-50.00,8.59,48.19,1.49
5.293,-50.00,8.59,42.13,1.60
5.306,-50.00,8.59,38.75,1.49
5.320,-50.00,8.59,37.00,1.49
5.337,-44.16,8.59,33.38,1.81
5.351,-41.83,8.59,31.62,1.49
5.364,-38.79,8.59,28.50,1.38
5.395,-40.38,8.59,25.75,1.22
5.409,-38.47,8.59,23.87,1.06
5.423,-35.12,8.59,23.06,1.06
5.439,-28.00,8.59,21.00,1.22
5.453,-22.86,8.59,19.75,1.12
5.466,-13.28,8.59,16.75,1.17
5.480,-10.33,8.59,15.25,1.28
5.497,-8.42,8.59,12.63,1.54
5.511,-7.07,8.59,11.44,1.38
5.527,-8.53,8.59,9.56,1.655.541,-5.70,8.59,8.63,1.44
5.554,-5.36,8.59,7.75,1.38
5.568,-2.11,8.59,5.94,1.49
5.582,-4.10,8.59,5.25,1.44
5.599,-11.89,8.59,4.81,1.81
5.612,-15.04,8.59,4.94,1.44
5.629,-17.52,8.59,5.38,1.76
5.642,-16.93,8.59,5.63,1.49
5.656,-11.53,8.59,5.69,1.44
5.670,-6.37,8.59,5.25,1.49
5.685,-0.88,8.59,4.69,1.60
5.714,-1.47,8.59,3.25,1.49
5.729,-0.68,8.59,2.63,1.70
5.744,-0.08,8.59,2.31,1.54
5.758,-0.29,8.59,1.81,1.49
5.771,0.70,8.59,1.56,1.49
5.788,2.42,8.59,1.06,1.81
5.802,4.16,8.59,0.75,1.49
5.815,4.94,8.59,0.44,1.49
5.830,3.81,8.59,0.12,1.60
5.845,1.28,8.59,0.25,1.65
5.859,0.97,8.59,0.50,1.49
5.873,4.11,8.59,0.44,1.49
5.889,10.61,8.59,-0.12,1.76
5.903,12.77,8.59,-0.56,1.49
5.917,12.15,8.59,-1.19,1.49
5.931,12.11,8.59,-1.37,1.60
5.947,15.19,8.59,-1.63,1.65
5.961,19.48,8.59,-2.44,1.54
5.976,28.02,8.59,-3.88,1.60
5.991,31.75,8.59,-4.75,1.6.005,33.39,8.59,-5.56,1.49
6.018,31.82,8.59,-6.75,1.49
6.032,32.40,8.59,-7.19,1.49
6.048,33.39,8.59,-7.94,1.70
6.079,36.39,8.59,-8.63,1.81
6.092,38.35,8.59,-8.94,1.44
6.106,39.54,8.59,-9.19,1.49
6.120,36.21,8.59,-9.31,1.49
6.134,33.13,8.59,-9.06,1.44
6.150,26.47,8.59,-8.00,1.76
6.164,25.48,8.59,-7.31,1.44
6.180,22.84,8.59,-5.94,1.76
6.194,21.69,8.59,-5.19,1.44
6.208,19.41,8.59,-3.69,1.49
6.222,18.07,8.59,-2.94,1.49
6.237,9.67,8.59,-0.94,1.65
6.252,4.89,8.59,0.37,1.54
6.266,2.46,8.59,1.75,1.49
6.281,-0.35,8.59,4.25,1.60
6.296,0.43,8.59,5.25,1.54
6.310,4.23,8.59,6.69,1.44
6.323,6.58,8.59,7.06,1.44
6.340,7.03,8.59,7.69,1.76
6.353,6.62,8.59,8.00,1.49
6.367,4.21,8.59,8.69,1.44
6.382,3.15,8.59,9.06,1.60
6.397,3.75,8.59,9.38,1.60
6.411,4.57,8.59,9.81,1.49
6.425,6.18,8.59,9.88,1.49
6.441,9.13,8.59,9.69,1.70
6.455,10.04,8.59,9.50,1.46.468,10.71,8.59,9.19,1.44
6.483,10.45,8.59,9.06,1.60
6.499,10.90,8.59,8.88,1.65
6.512,12.60,8.59,8.50,1.49
6.528,18.43,8.59,7.69,1.60
6.542,22.40,8.59,7.00,1.60
6.556,25.76,8.59,6.25,1.49
6.570,28.14,8.59,4.75,1.44
6.584,29.54,8.59,4.00,1.44
6.600,33.13,8.59,2.56,1.76
6.614,35.14,8.59,1.81,1.44
6.630,34.17,8.59,0.63,1.76
6.644,32.43,8.59,0.31,1.49
6.671,29.19,8.59,0.19,1.49
6.685,28.84,8.59,0.25,1.44
6.702,25.24,8.59,0.69,1.76
6.715,22.44,8.59,1.12,1.44
6.732,17.81,8.59,2.25,1.70
6.746,16.33,8.59,2.94,1.49
6.759,14.16,8.59,4.25,1.44
6.773,13.24,8.59,4.88,1.44
6.789,10.86,8.59,6.19,1.65
6.803,9.08,8.59,6.88,1.60
6.817,6.13,8.59,7.63,1.44
6.833,3.47,8.59,9.13,1.65
6.847,3.83,8.59,9.75,1.54
6.861,4.34,8.59,10.75,1.44
6.875,3.91,8.59,11.19,1.44
6.891,3.80,8.59,11.94,1.76
6.905,3.07,8.59,12.25,1.44
6.919,0.86,8.59,12.94,1.44
6.934,-0.07,8.59,13.31,1.60
6.949,1.52,8.59,13.56,1.60
6.963,2.26,8.59,13.88,1.49
6.977,1.78,8.59,13.88,1.49
6.993,-0.07,8.59,14.13,1.70
7.007,-1.17,8.59,14.31,1.44
7.020,0.22,8.59,14.50,1.44
7.035,2.00,8.59,14.44,1.49
7.051,5.56,8.59,14.13,1.70
7.065,6.34,8.59,13.81,1.44
7.080,2.15,8.59,13.56,1.60
7.108,-5.89,8.59,14.13,1.49
7.122,-10.40,8.59,15.13,1.44
7.136,-10.97,8.59,15.56,1.49
7.153,-8.86,8.59,16.19,1.76
7.167,-7.84,8.59,16.25,1.44
7.197,-9.81,8.59,16.50,1.44
7.210,-15.35,8.59,17.19,1.44
7.225,-17.02,8.59,17.62,1.49
7.240,-17.85,8.59,18.31,1.65
7.255,-19.16,8.59,18.62,1.60
7.269,-19.85,8.59,19.00,1.49
7.284,-21.35,8.59,19.56,1.65
7.299,-24.14,8.59,19.94,1.60
7.313,-28.57,8.59,20.87,1.54
7.327,-29.84,8.59,21.37,1.44
7.343,-27.64,8.59,21.94,1.81
7.357,-25.87,8.59,21.94,1.44
7.371,-21.67,8.59,21.56,1.49
7.386,-22.06,8.59,21.31,1.54
7.401,-25.47,8.59,21.12,1.70
7.415,-27.21,8.59,21.12,1.49
7.431,-24.98,8.59,20.87,1.65
7.445,-23.10,8.59,20.62,1.60
7.459,-20.58,8.59,20.19,1.44
7.473,-13.20,8.59,18.81,1.49
7.487,-10.47,8.59,17.94,1.49
7.503,-4.95,8.59,15.94,1.76
7.517,-3.23,8.59,14.88,1.49
7.547,-3.96,8.59,12.44,1.49
7.561,-2.29,8.59,11.75,1.44
7.575,1.01,8.59,10.25,1.49
7.590,3.11,8.59,9.44,1.60
7.605,4.97,8.59,7.88,1.70
7.619,1.80,8.59,7.25,1.44
7.635,2.89,8.59,6.44,1.70
7.649,3.94,8.59,6.00,1.49
7.662,6.05,8.59,5.19,1.44
7.676,6.72,8.59,4.81,1.49
7.691,7.83,8.59,4.06,1.65
7.706,8.89,8.59,3.69,1.60
7.720,8.10,8.59,3.38,1.44
7.735,7.83,8.59,2.94,1.65
7.750,7.36,8.59,2.88,1.60
7.764,7.23,8.59,2.75,7.777,7.84,8.59,2.69,1.44
7.794,9.32,8.59,2.50,1.81
7.808,9.59,8.59,2.44,1.44
7.821,9.71,8.59,2.31,1.49
7.836,8.07,8.59,2.44,1.60
7.851,5.85,8.59,2.63,1.60
7.865,1.71,8.59,3.44,1.49
7.879,0.90,8.59,3.88,1.49
7.895,1.78,8.59,4.56,1.76
7.909,3.27,8.59,4.75,1.44
7.922,-0.53,8.59,5.31,1.49
7.953,-8.43,8.59,6.56,1.70
7.967,-10.41,8.59,8.00,1.44
7.982,-5.64,8.59,8.81,1.65
7.997,-3.64,8.59,8.94,1.54
8.010,-1.92,8.59,8.94,1.49
8.024,-5.33,8.59,9.25,1.44
8.054,-10.72,8.59,10.38,1.76
8.068,-9.35,8.59,10.63,1.44
8.085,-4.25,8.59,10.63,1.81
8.098,-2.66,8.59,10.50,8.112,-1.36,8.59,10.25,1.49
8.126,-1.84,8.59,9.88,1.49
8.141,-5.90,8.59,9.88,1.54
8.157,-9.00,8.59,10.25,1.65
8.170,-12.91,8.59,10.63,1.49
8.186,-15.10,8.59,11.56,1.70
8.201,-13.22,8.59,11.88,1.54
8.215,-4.06,8.59,11.56,1.49
8.229,-0.85,8.59,11.13,1.49
8.245,4.13,8.59,9.94,1.76
8.259,4.48,8.59,9.38,1.49
8.272,3.38,8.59,8.56,1.44
8.287,3.22,8.59,8.25,1.54
8.302,1.11,8.59,8.06,1.60
8.316,-3.30,8.59,8.06,1.49
8.330,-6.85,8.59,8.31,1.49
8.346,-15.51,8.59,9.56,1.70
8.360,-19.01,8.59,10.38,1.49
8.374,-21.80,8.59,12.00,1.44
8.388,-20.83,8.59,12.63,1.54
8.404,-16.05,8.59,13.38,1.70
8.418,-11.17,8.59,13.25,1.448.433,-3.86,8.59,12.44,1.60
8.448,-1.90,8.59,11.88,1.60
8.475,-4.73,8.59,10.75,1.44
8.506,-9.75,8.59,10.56,1.76
8.537,-10.03,8.59,10.75,1.81
8.550,-8.50,8.59,10.69,1.44
8.564,-3.40,8.59,10.56,1.44
8.578,1.20,8.59,9.63,1.44
8.593,3.81,8.59,8.94,1.54
8.608,5.54,8.59,7.69,1.65
8.622,3.78,8.59,7.19,1.44
8.638,4.73,8.59,6.38,1.65
8.652,3.24,8.59,6.19,1.54
8.666,-2.40,8.59,6.25,1.44
8.680,-4.98,-8.59,6.44,1.44
8.696,-2.76,-8.59,6.56,1.76
8.710,-0.90,-8.59,6.31,1.49
8.724,1.38,-8.59,6.06,1.38
8.739,4.18,-8.59,5.13,1.60
8.754,6.55,-8.59,4.44,1.60
8.768,11.06,-8.59,2.88,1.44
8.781,9.66,-8.59,2.19,1.44
8.797,3.58,-8.59,1.44,1.70
8.811,-1.97,-8.59,1.44,1.44
8.825,-10.08,-8.59,2.13,1.44
8.839,-11.96,-8.59,2.56,1.54
8.855,-11.09,-8.59,2.94,1.70
8.869,-8.51,-8.59,3.19,1.44
8.899,3.33,-8.59,1.75,1.54
8.913,4.80,-8.59,1.00,1.44
8.927,6.21,-8.59,-0.50,1.44
8.940,3.50,-8.59,-0.94,1.44
8.957,-4.24,-8.59,-1.19,1.70
8.970,-8.38,-8.59,-1.00,1.44
8.987,-14.31,-8.59,-0.19,1.70
9.001,-15.49,-8.59,0.19,1.49
9.014,-14.90,-8.59,0.50,1.38
9.028,-11.63,-8.59,0.69,1.54
9.059,-7.16,-8.59,0.00,1.70
9.072,-6.49,-8.59,-0.31,1.38
9.089,-7.04,-8.59,-0.81,1.70
9.103,-9.27,-8.59,-0.94,1.49
9.116,-16.85,-8.59,-0.56,1.44
9.131,-19.44,-8.59,-0.19,1.49
9.146,-19.15,-8.59,0.37,1.70
9.161,-18.31,-8.59,0.50,1.49
9.175,-17.39,-8.59,0.56,1.44
9.190,-18.51,-8.59,0.63,1.60
9.205,-17.74,-8.59,0.56,1.60
9.219,-20.08,-8.59,0.69,1.44
9.233,-22.46,-8.59,0.75,1.49
9.249,-22.88,-8.59,1.00,1.70
9.263,-23.37,-8.59,1.06,1.44
9.277,-24.46,-8.59,1.25,1.44
9.291,-24.94,-8.59,1.31,1.49
9.306,-25.36,-8.59,1.44,1.60
9.320,-26.27,-8.59,1.50,1.44
9.334,-27.18,-8.59,1.56,1.54
9.350,-27.97,-8.59,1.69,1.65
9.364,-29.46,-8.59,1.75,1.38
9.377,-30.96,-8.59,2.00,1.49
9.391,-30.87,-8.59,2.06,1.49
9.408,-30.22,-8.59,2.00,1.65
9.421,-31.16,-8.59,2.00,1.49
9.437,-33.92,-8.59,2.19,1.70
9.452,-35.83,-8.59,2.31,1.49
9.465,-36.75,-8.59,2.50,1.44
9.479,-36.47,-8.59,2.69,1.49
9.493,-35.53,-8.59,2.63,1.44
9.510,-33.50,-8.59,2.38,1.76
9.523,-33.97,-8.59,2.19,1.44
9.540,-35.08,-8.59,2.00,1.70
9.553,-36.25,-8.59,1.94,1.49
9.581,-38.09,-8.59,1.94,1.44
9.596,-38.53,-8.59,2.00,1.65
9.611,-38.27,-8.59,2.00,1.60
9.625,-37.64,-8.59,1.94,1.44
9.641,-37.84,-8.59,1.88,1.65
9.655,-39.31,-8.59,1.94,1.54
9.669,-43.93,-8.59,2.44,1.44
9.683,-45.63,-8.59,2.75,1.44
9.699,-44.56,-8.59,3.31,1.76
9.713,-42.79,-8.59,3.38,1.49
9.727,-41.23,-8.59,3.38,1.44
9.741,-41.80,-8.59,3.38,1.54
9.771,-46.25,-8.59,3.75,1.49
9.785,-48.94,-8.59,4.06,1.54
9.801,-50.00,-8.59,4.81,1.70
9.828,-50.00,-8.59,6.00,1.49
9.843,-50.00,-8.59,6.31,1.49
9.859,-50.00,-8.59,6.88,1.76
9.889,-50.00,-8.59,7.50,1.76
9.903,-50.00,-8.59,7.69,1.49
9.917,-50.00,-8.59,7.81,1.49
9.931,-50.00,-8.59,7.88,1.54
9.945,-49.84,-8.59,7.81,1.54
9.961,-50.00,-8.59,7.69,1.76
9.991,-50.00,-8.59,7.69,1.76
10.005,-50.00,-8.59,7.63,1.49
10.019,-50.00,-8.59,7.69,1.49
10.033,-50.00,-8.59,7.69,1.54
10.049,-42.61,-8.59,7.00,1.76
10.064,-38.98,-8.59,6.38,1.54
10.077,-39.64,-8.59,5.75,1.49
10.092,-41.04,-8.59,5.00,1.60
10.108,-45.45,-8.59,4.81,1.65
10.122,-47.12,-8.59,4.88,1.49
10.137,-49.38,-8.59,5.13,1.60
10.152,-47.61,-8.59,5.38,10.166,-45.33,-8.59,5.31,1.49
10.180,-39.96,-8.59,4.69,1.44
10.194,-39.44,-8.59,4.38,1.54
10.210,-42.34,-8.59,4.00,1.76
10.224,-44.34,-8.59,4.00,1.49
10.240,-46.06,-8.59,4.19,1.76
10.254,-46.43,-8.59,4.31,1.49
10.268,-46.01,-8.59,4.44,1.44
10.282,-45.62,-8.59,4.56,1.49
10.296,-46.64,-8.59,4.56,1.49
10.312,-48.42,-8.59,4.81,1.76
10.326,-50.00,-8.59,5.13,1.49
10.342,-50.00,-8.59,6.00,1.70
10.356,-50.00,-8.59,6.44,1.49
