3.721,-37.57,8.59,10.00,1.81
3.735,-37.92,8.59,10.00,1.49
3.749,-38.99,8.59,10.06,1.49
3.763,-39.86,8.59,10.38,1.49
3.778,-40.80,8.59,10.56,1.54
3.793,-41.03,8.59,11.06,1.65
3.807,-39.02,8.59,11.13,1.44
3.823,-38.32,8.59,11.13,1.70
3.837,-38.30,8.59,11.13,1.60
3.851,-38.72,8.59,11.25,1.44
3.865,-39.10,8.59,11.38,1.44
3.881,-40.85,8.59,11.81,1.81
3.895,-41.24,8.59,12.06,1.44
3.909,-41.84,8.59,12.56,1.49
3.924,-41.50,8.59,12.75,1.54
3.939,-39.60,8.59,12.81,1.65
3.953,-38.66,8.59,12.75,1.49
3.968,-38.42,8.59,12.63,1.60
3.983,-38.55,8.59,12.50,1.65
3.997,-39.09,8.59,12.56,1.44
4.011,-40.68,8.59,12.88,1.44
4.025,-40.49,8.59,13.00,1.49
4.041,-39.81,8.59,13.25,1.70
4.055,-40.10,8.59,13.38,1.44
4.071,-41.23,8.59,13.75,1.76
4.085,-41.64,8.59,13.94,1.44
4.099,-41.54,8.59,14.13,1.44
4.113,-41.16,8.59,14.38,1.44
4.127,-39.95,8.59,14.38,1.54
4.143,-38.95,8.59,14.31,1.65
4.157,-39.01,8.59,14.19,1.44
4.173,-38.72,8.59,14.13,1.70
4.187,-38.28,8.59,14.06,1.49
4.201,-37.51,8.59,13.94,1.44
4.215,-37.60,8.59,13.88,1.49
4.232,-38.11,8.59,13.88,1.76
4.246,-37.26,8.59,13.81,1.49
4.259,-36.43,8.59,13.63,1.44
4.274,-36.91,8.59,13.56,1.60
4.290,-36.91,8.59,13.56,1.65
4.304,-36.82,8.59,13.56,1.44
4.318,-36.89,8.59,13.63,1.54
4.334,-37.12,8.59,13.69,1.70
4.348,-37.25,8.59,13.75,1.49
4.361,-38.00,8.59,14.00,1.44
4.376,-37.99,8.59,14.13,1.54
4.392,-39.39,8.59,14.44,1.76
4.406,-39.92,8.59,14.69,1.49
4.422,-39.48,8.59,14.94,1.76
4.436,-39.17,8.59,15.06,1.49
4.450,-38.31,8.59,15.06,1.44
4.464,-37.92,8.59,15.06,1.49
4.478,-38.18,8.59,15.06,1.54
4.494,-38.10,8.59,15.06,1.70
4.508,-37.44,8.59,15.00,1.44
4.524,-37.10,8.59,14.94,1.70
4.538,-36.75,8.59,14.88,1.49
4.552,-36.85,8.59,14.81,1.44
4.566,-36.82,8.59,14.81,1.49
4.581,-35.88,8.59,14.69,1.70
4.596,-35.65,8.59,14.63,1.54
4.610,-35.62,8.59,14.56,1.44
4.625,-35.21,8.59,14.44,1.65
4.640,-34.96,8.59,14.38,1.60
4.654,-34.41,8.59,14.25,1.49
4.668,-34.28,8.59,14.19,1.44
4.684,-34.50,8.59,14.13,1.76
4.698,-34.33,8.59,14.06,1.49
4.712,-34.04,8.59,14.00,1.44
4.726,-34.09,8.59,14.00,1.54
4.742,-34.24,8.59,14.00,1.70
4.756,-34.11,8.59,14.00,1.44
4.770,-33.98,8.59,14.00,1.49
4.785,-33.84,8.59,13.94,1.65
4.799,-33.85,8.59,13.94,1.49
4.813,-33.72,8.59,13.94,1.44
4.827,-33.54,8.59,13.94,1.49
4.843,-33.38,8.59,13.88,1.76
4.857,-33.35,8.59,13.88,1.49
4.874,-32.96,8.59,13.81,1.76
4.888,-32.90,8.59,13.81,1.44
4.901,-33.01,8.59,13.75,1.49
4.916,-33.28,8.59,13.75,1.54
4.930,-33.66,8.59,13.81,1.49
4.946,-33.65,8.59,13.88,1.70
4.960,-33.30,8.59,13.94,1.44
4.975,-33.23,8.59,13.94,1.65
4.990,-33.76,8.59,14.00,1.54
5.003,-34.36,8.59,14.19,1.44
5.017,-34.38,8.59,14.25,1.49
5.034,-35.26,8.59,14.50,1.76
5.048,-35.47,8.59,14.63,1.44
5.061,-35.54,8.59,14.88,1.44
5.076,-35.31,8.59,14.94,1.60
5.092,-35.36,8.59,15.00,1.65
5.106,-35.34,8.59,15.06,1.44
5.121,-35.21,8.59,15.13,1.54
3.502,0.00,0.00,3.63,0.05
3.518,0.00,0.00,3.63,0.11
3.532,0.00,0.00,3.69,0.05
3.545,0.00,0.00,3.75,0.11
3.559,0.00,0.00,3.81,0.11
3.573,0.00,0.00,3.81,0.16
3.588,0.00,0.00,3.88,0.16
3.617,0.00,0.00,4.13,0.16
3.632,0.00,0.00,4.25,0.21
3.645,0.00,0.00,4.25,0.16
3.659,0.00,0.00,4.31,0.21
3.673,0.00,0.00,4.31,0.27
3.688,0.00,0.00,4.38,0.27
3.702,0.00,0.00,4.38,0.27
3.717,0.00,0.00,4.38,0.32
3.732,0.00,0.00,4.38,0.27
3.746,0.00,0.00,4.38,0.32
3.759,0.00,0.00,4.38,0.32
3.773,0.00,0.00,4.31,0.32
3.789,0.00,0.00,4.31,0.37
3.802,0.00,0.00,4.19,0.37
3.817,0.00,0.00,4.19,0.43
3.832,0.00,0.00,4.19,0.43
3.846,0.00,0.00,4.19,0.43
3.859,0.00,0.00,4.19,0.43
3.889,-9.89,0.00,4.25,0.53
3.903,-11.28,0.00,4.56,0.64
3.918,-13.01,0.00,4.81,0.96
3.933,-14.55,0.00,5.38,0.85
3.947,-13.21,0.00,5.50,0.80
3.960,-9.35,0.00,5.13,0.74
3.974,-9.33,0.00,4.88,0.85
3.991,-7.99,0.00,4.31,0.96
4.004,-7.13,0.00,4.00,0.85
4.021,-8.88,0.00,3.69,1.01
4.034,-9.26,0.00,3.56,0.80
4.048,-11.17,0.00,3.69,0.85
4.062,-12.00,0.00,3.88,0.85
4.076,-12.18,0.00,3.94,0.85
4.092,-14.82,0.00,4.31,1.01
4.106,-15.58,0.00,4.56,0.85
4.122,-17.45,0.00,5.13,1.06
4.136,-18.78,0.00,5.44,0.90
4.150,-22.10,0.00,6.31,0.96
4.179,-20.22,0.00,7.19,1.17
4.194,-18.91,0.00,7.06,1.17
4.208,-13.22,0.00,6.94,1.12
4.223,-7.62,0.00,5.25,1.28
4.238,-4.58,0.00,4.19,1.28
4.252,3.05,0.00,1.69,1.22
4.266,7.30,0.00,0.19,1.22
4.282,10.42,0.00,-2.44,1.49
4.310,11.81,0.00,-5.44,1.33
4.369,18.72,0.00,-9.00,1.49
4.384,20.74,0.00,-9.63,1.44
4.398,22.63,0.00,-10.25,1.38
4.412,28.29,0.00,-11.75,1.38
4.425,30.46,0.00,-12.56,1.44
4.442,31.57,0.00,-13.88,1.70
4.456,33.75,0.00,-14.50,1.44
4.473,32.53,0.00,-15.19,1.76
4.500,29.03,0.00,-15.13,1.44
4.514,27.38,0.00,-14.50,1.44
4.529,24.94,0.00,-14.06,1.60
4.545,22.49,0.00,-12.81,1.54
4.558,19.90,0.00,-12.13,1.44
4.574,15.59,0.00,-10.25,1.60
4.588,13.61,0.00,-9.25,1.49
4.602,10.14,0.00,-7.19,1.44
4.616,7.62,0.00,-6.13,1.44
4.632,4.08,0.00,-4.00,1.65
4.646,3.15,0.00,-3.00,1.44
4.660,1.67,0.00,-1.31,1.38
4.675,0.12,0.00,-0.50,1.49
4.690,0.61,0.00,0.19,1.60
4.704,-1.08,0.00,1.44,1.38
4.718,-0.26,0.00,1.88,1.49
4.734,-2.48,0.00,2.69,1.65
4.748,-2.73,0.00,3.06,1.38
4.761,-4.07,0.00,3.75,1.44
4.776,-5.40,0.00,4.13,1.49
4.791,-8.01,0.00,5.00,1.65
4.805,-9.05,0.00,5.44,1.38
4.820,-13.73,0.00,6.63,1.60
4.835,-16.60,0.00,7.31,1.54
4.849,-16.19,0.00,7.88,1.44
4.863,-15.80,0.00,8.63,1.44
4.876,-17.11,0.00,8.94,1.38
4.893,-15.58,0.00,9.25,1.76
4.907,-15.57,0.00,9.25,1.44
4.924,-14.18,0.00,9.06,1.81
4.937,-13.51,0.00,8.88,1.44
4.951,-13.51,0.00,8.63,1.44
4.965,-11.91,0.00,8.06,1.44
4.980,-11.71,0.00,7.75,1.54
5.025,-5.30,0.00,5.31,1.65
5.039,-4.07,0.00,4.69,1.49
5.053,-0.19,0.00,3.25,1.38
5.097,7.88,0.00,-0.19,1.49
5.110,7.54,0.00,-0.94,1.44
5.126,8.33,0.00,-2.25,1.60
5.155,10.45,0.00,-3.69,1.44
5.185,14.65,0.00,-5.19,1.65
5.198,14.84,0.00,-5.56,1.49
5.212,19.16,0.00,-6.69,1.44
5.227,20.29,0.00,-7.25,1.49
5.242,19.70,0.00,-8.00,1.70
5.256,20.08,0.00,-8.25,1.49
5.272,18.08,0.00,-8.38,1.65
5.287,18.66,0.00,-8.38,1.54
5.300,17.72,0.00,-8.25,1.44
5.315,14.53,0.00,-7.56,1.44
5.345,11.51,0.00,-6.31,1.76
5.359,10.14,0.00,-5.75,1.44
5.375,6.27,0.00,-4.50,1.70
5.389,5.07,0.00,-3.75,1.44
5.403,1.45,0.00,-2.19,1.49
5.416,1.29,0.00,-1.56,1.44
5.432,-3.31,0.00,0.00,1.60
5.447,-4.32,0.00,0.81,1.54
5.460,-4.93,0.00,1.63,1.38
5.476,-6.19,0.00,2.81,1.65
5.491,-6.54,0.00,3.31,1.54
5.504,-4.79,0.00,3.75,1.38
5.518,-5.29,0.00,3.94,1.44
5.535,-5.99,0.00,4.31,1.81
5.549,-6.15,0.00,4.44,1.38
5.577,-7.23,0.00,4.75,1.54
5.621,-7.39,0.00,5.00,1.49
5.636,-6.80,0.00,4.94,1.65
5.650,-7.47,0.00,4.88,1.44
5.664,-6.17,0.00,4.69,1.38
5.678,-5.08,0.00,4.44,1.49
5.694,-3.86,0.00,3.94,1.70
5.708,-3.01,0.00,3.63,1.49
5.752,2.44,0.00,1.75,1.38
5.779,7.78,0.00,-0.25,1.38
5.810,10.37,0.00,-2.19,1.44
5.826,10.26,0.00,-3.00,1.76
5.840,11.45,0.00,-3.38,1.44
5.853,11.87,0.00,-4.00,1.44
5.867,12.99,0.00,-4.31,1.49
5.883,13.46,0.00,-4.81,1.60
.898,13.43,8.59,-4.94,1.60
5.911,14.86,8.59,-5.13,1.44
5.927,15.40,8.59,-5.38,1.65
5.942,15.44,8.59,-5.44,1.54
5.956,15.53,8.59,-5.44,1.44
5.969,15.26,8.59,-5.31,1.49
5.986,14.36,8.59,-5.00,1.76
6.000,13.92,8.59,-4.75,1.38
6.013,11.79,8.59,-4.06,1.44
6.028,10.80,8.59,-3.63,1.60
6.044,10.04,8.59,-3.19,1.65
6.057,7.13,8.59,-2.06,1.44
6.072,5.33,8.59,-1.50,1.54
6.101,-0.11,8.59,0.94,1.44
6.115,-5.89,8.59,2.94,1.38
6.129,-7.83,8.59,4.00,1.49
6.145,-13.49,8.59,6.38,1.65
6.159,-14.56,8.59,7.44,1.44
6.175,-18.02,8.59,9.44,1.65
6.189,-20.57,8.59,10.44,1.54
6.203,-22.75,8.59,11.50,1.44
6.217,-21.42,8.59,12.94,1.49
6.231,-21.91,8.59,13.44,1.38
6.247,-24.45,8.59,14.44,1.76
6.261,-22.76,8.59,14.69,1.44
6.305,-18.31,8.59,14.19,1.44
6.319,-16.68,8.59,13.88,1.49
6.336,-13.62,8.59,12.94,1.70
6.350,-11.15,8.59,12.31,1.54
6.364,-8.33,8.59,10.94,1.44
6.379,-6.41,8.59,10.19,1.54
6.394,-4.79,8.59,9.44,1.54
6.407,-1.96,8.59,7.81,1.44
6.421,-2.03,8.59,7.19,1.38
6.437,-2.79,8.59,6.31,1.70
6.451,-2.18,8.59,5.94,1.44
6.495,-4.66,8.59,5.19,1.60
6.524,-5.24,8.59,5.38,1.54
6.539,-4.95,8.59,5.50,1.54
6.552,-5.76,8.59,5.63,1.38
6.596,-9.65,8.59,6.88,1.70
6.610,-10.57,8.59,7.19,1.44
6.627,-11.69,8.59,7.81,1.70
6.654,-13.31,8.59,8.44,1.44
6.668,-13.33,8.59,9.00,1.44
6.682,-13.41,8.59,9.19,1.44
6.698,-13.75,8.59,9.50,1.70
6.712,-13.47,8.59,9.63,1.38
6.728,-14.36,8.59,9.88,1.76
6.742,-14.16,8.59,9.94,1.44
6.756,-13.61,8.59,9.94,1.44
6.770,-14.01,8.59,9.94,1.49
6.785,-14.16,8.59,9.94,1.54
6.800,-14.01,8.59,9.94,1.65
6.814,-14.33,8.59,9.94,1.44
6.829,-13.73,8.59,9.88,1.60
6.844,-13.38,8.59,9.81,1.54
6.858,-13.41,8.59,9.69,1.44
6.871,-13.06,8.59,9.63,1.44
6.915,-10.91,8.59,8.94,1.44
6.930,-10.42,8.59,8.69,1.54
6.946,-9.58,8.59,8.50,1.65
6.974,-6.97,8.59,7.63,1.54
7.017,-1.39,8.59,5.63,1.44
7.031,-0.08,8.59,5.13,1.44
7.047,3.38,8.59,4.00,1.70
7.077,5.40,8.59,2.56,1.70
7.105,5.18,8.59,2.06,1.44
7.119,2.43,8.59,2.00,1.49
7.132,2.38,8.59,2.06,1.44
7.149,2.13,8.59,2.25,1.70
7.179,0.32,8.59,2.75,1.70
7.193,-1.35,8.59,3.13,1.44
7.206,-1.11,8.59,3.44,1.38
7.220,-3.12,8.59,4.19,1.49
7.235,-4.59,8.59,4.63,1.60
7.251,-7.33,8.59,5.63,1.60
7.264,-8.10,8.59,6.19,1.44
7.280,-11.33,8.59,7.38,1.65
7.294,-13.22,8.59,8.06,1.54
7.308,-18.68,8.59,9.81,1.44
7.322,-19.27,8.59,10.56,1.44
7.339,-20.59,8.59,11.88,1.76
7.352,-22.55,8.59,12.56,1.44
7.366,-23.86,8.59,13.75,1.44
7.410,-20.31,8.59,14.50,1.49
7.425,-19.25,8.59,14.38,1.54
7.441,-17.77,8.59,13.94,1.70
7.454,-15.55,8.59,13.50,1.44
7.468,-13.27,8.59,12.50,1.44
7.482,-10.30,8.59,11.88,1.49
7.498,-8.44,8.59,10.63,1.70
7.512,-6.05,8.59,9.88,1.44
7.529,-1.06,8.59,8.13,1.70
7.542,0.67,8.59,7.25,1.49
7.556,0.71,8.59,6.50,1.38
7.570,1.43,8.59,5.38,1.49
7.584,2.96,8.59,4.81,1.44
7.600,1.50,8.59,4.06,1.76
7.614,0.05,8.59,4.00,1.38
7.630,-2.22,8.59,4.13,1.70
7.644,-4.11,8.59,4.38,1.44
7.657,-4.57,8.59,4.63,1.38
7.671,-6.23,8.59,5.31,1.49
7.701,-9.73,8.59,6.63,1.60
7.731,-14.85,8.59,8.38,1.65
7.745,-15.24,8.59,8.94,1.49
7.759,-16.83,8.59,9.94,1.44
7.803,-15.33,8.59,11.00,1.54
7.817,-16.65,8.59,11.25,1.38
7.832,-16.75,8.59,11.56,1.60
.847,-17.24,8.59,11.69,1.65
7.861,-16.48,8.59,11.75,1.44
7.875,-16.35,8.59,11.81,1.54
7.891,-16.94,8.59,11.81,1.65
7.905,-17.15,8.59,11.81,1.49
7.919,-16.04,8.59,11.69,1.44
7.933,-15.88,8.59,11.63,1.49
7.949,-14.55,8.59,11.31,1.70
7.963,-15.20,8.59,11.19,1.44
7.979,-13.82,8.59,10.88,1.65
7.993,-13.32,8.59,10.63,1.49
8.007,-12.70,8.59,10.38,1.49
8.052,-7.12,8.59,8.50,1.70
8.081,-4.51,8.59,7.19,1.70
8.095,-3.83,8.59,6.75,1.44
8.109,-1.49,8.59,5.88,1.44
8.123,-0.52,8.59,5.44,1.44
8.139,0.24,8.59,4.69,1.65
8.153,1.24,8.59,4.31,1.54
8.167,1.20,8.59,4.00,1.44
8.182,0.62,8.59,3.63,1.60
8.241,-2.49,8.59,4.13,1.76
8.254,-3.15,8.59,4.38,1.44
8.283,-6.61,8.59,5.38,1.54
8.312,-10.45,8.59,6.94,1.49
8.326,-13.69,8.59,7.63,1.49
8.342,-17.47,8.59,9.13,1.65
8.356,-18.62,8.59,9.88,1.44
8.369,-20.28,8.59,11.25,1.49
8.384,-20.91,8.59,11.81,1.54
8.400,-20.59,8.59,12.31,1.70
8.413,-21.84,8.59,13.13,1.44
8.429,-21.02,8.59,13.56,1.60
8.443,-20.19,8.59,13.63,1.54
8.457,-19.16,8.59,13.56,1.49
8.471,-17.11,8.59,13.19,1.44
8.485,-17.04,8.59,13.00,1.49
8.501,-13.33,8.59,12.19,1.76
8.515,-12.46,8.59,11.75,1.44
8.532,-7.55,8.59,10.44,1.76
8.559,-2.46,8.59,8.94,1.44
8.573,1.63,8.59,7.06,1.44
8.588,0.45,8.59,6.13,1.49
8.603,0.77,8.59,5.06,1.65
8.633,0.62,8.59,4.19,1.65
8.647,-0.93,8.59,4.13,1.44
8.660,-4.60,8.59,4.56,1.44
8.674,-5.21,8.59,4.81,1.44
8.689,-6.02,8.59,5.38,1.60
8.704,-7.02,8.59,5.69,1.60
8.718,-9.33,8.59,6.13,1.38
8.733,-11.40,8.59,7.13,1.65
8.748,-14.01,8.59,7.75,1.54
8.762,-17.10,8.59,9.13,1.38
8.775,-16.76,8.59,9.69,1.44
8.792,-19.04,8.59,10.81,1.76
8.806,-20.06,8.59,11.31,1.44
8.819,-19.86,8.59,12.13,1.49
8.834,-20.74,8.59,12.44,1.54
8.850,-18.65,8.59,12.63,1.65
8.864,-17.55,8.59,12.63,1.49
8.894,-13.49,8.59,11.81,1.65
8.922,-10.28,8.59,10.63,1.44
8.936,-8.53,8.59,10.13,1.44
8.952,-4.16,8.59,8.75,1.76
8.966,-3.86,8.59,8.13,1.44
8.982,-0.62,8.59,6.88,1.70
8.996,-0.62,8.59,6.31,1.49
9.009,0.30,8.59,5.75,1.44
9.023,0.67,8.59,4.88,1.44
9.037,0.77,8.59,4.56,1.44
9.054,-1.52,8.59,4.38,1.70
9.067,-1.14,8.59,4.31,1.44
9.084,-3.10,8.59,4.63,1.70
9.097,-4.91,8.59,4.88,1.44
9.111,-5.86,8.59,5.44,1.44
9.125,-7.90,8.59,5.88,1.49
9.140,-10.72,8.59,6.81,1.60
9.155,-12.97,8.59,7.44,1.60
9.184,-16.35,8.59,9.31,1.65
9.227,-17.72,8.59,11.19,1.44
9.243,-18.51,8.59,11.75,1.76
9.257,-18.01,8.59,11.94,1.44
9.271,-16.28,8.59,12.00,1.44
9.286,-15.78,8.59,11.94,1.60
9.301,-15.24,8.59,11.88,1.65
9.315,-13.88,8.59,11.50,1.54
9.345,-11.54,8.59,10.75,1.60
9.373,-9.69,8.59,9.81,1.38
9.387,-8.54,8.59,9.44,1.49
9.403,-8.23,8.59,8.81,1.70
9.417,-6.88,8.59,8.44,1.44
9.433,-6.62,8.59,7.88,1.70
9.447,-5.56,8.59,7.56,1.49
9.460,-5.57,8.59,7.31,1.44
9.474,-3.87,8.59,6.69,1.44
9.488,-3.34,8.59,6.44,1.44
9.505,-3.15,8.59,6.00,1.76
9.518,-2.54,8.59,5.75,1.38
9.535,-2.91,8.59,5.56,1.70
9.548,-1.43,8.59,5.38,1.44
9.562,-2.88,8.59,5.31,1.38
9.576,-2.62,8.59,5.25,1.49
9.591,-3.03,8.59,5.31,1.60
9.606,-4.17,8.59,5.44,1.60
9.620,-5.12,8.59,5.63,1.38
9.635,-6.40,8.59,6.06,1.65
9.650,-7.42,8.59,6.38,1.54
9.664,-8.94,8.59,7.06,1.38
9.677,-10.76,8.59,7.50,1.44
9.694,-12.56,8.59,8.38,1.70
9.708,-12.07,8.59,8.69,1.49
9.721,-12.84,8.59,9.25,1.44
9.736,-13.09,8.59,9.56,1.54
9.752,-14.34,8.59,9.88,1.60
9.765,-14.80,8.59,10.38,1.44
9.780,-14.64,8.59,10.56,1.49
9.796,-15.49,8.59,10.94,1.70
9.823,-16.44,8.59,11.50,1.44
9.837,-17.55,8.59,11.69,1.49
9.853,-18.90,8.59,12.13,1.65
9.867,-19.62,8.59,12.38,1.49
9.883,-20.59,8.59,12.81,1.70
9.898,-20.63,8.59,12.94,1.49
