11.005,0.00,0.00,0.37,0.11
11.018,0.00,0.00,0.56,0.11
11.034,0.00,0.00,0.81,0.16
11.048,0.00,0.00,0.81,0.16
11.061,0.00,0.00,0.81,0.16
11.075,0.00,0.00,0.81,0.11
11.090,0.00,0.00,0.75,0.21
11.105,0.00,0.00,0.44,0.16
11.119,0.00,0.00,0.31,0.21
11.135,0.00,0.00,0.25,0.21
11.148,0.00,0.00,0.25,0.21
11.162,0.00,0.00,0.31,0.27
11.176,0.00,0.00,0.31,0.27
11.190,0.00,0.00,0.37,0.32
11.206,0.00,0.00,0.31,0.32
11.219,0.00,0.00,0.31,0.32
11.235,0.00,0.00,0.50,0.37
11.249,0.00,0.00,0.56,0.32
11.262,0.00,0.00,0.75,0.37
11.276,0.00,0.00,0.75,0.37
11.291,0.00,0.00,0.81,0.43
11.306,0.00,0.00,0.81,0.43
11.319,0.00,0.00,0.81,0.43
11.335,-0.03,0.00,0.63,0.53
11.349,0.23,0.00,0.50,0.64
11.363,-0.25,0.00,0.37,0.80
11.377,-0.73,0.00,0.37,0.64
11.392,-1.12,0.00,0.37,0.74
11.407,-1.14,0.00,0.37,0.69
11.421,-2.00,0.00,0.37,0.74
11.436,-4.34,0.00,0.63,0.85
11.451,-4.76,0.00,0.75,0.90
11.464,-6.80,0.00,1.19,0.85
11.478,-7.95,0.00,1.44,0.90
11.495,-11.25,0.00,2.06,1.06
11.509,-14.16,0.00,2.50,0.96
11.522,-17.04,0.00,3.44,1.01
11.537,-19.88,0.00,4.00,1.06
11.553,-16.30,0.00,4.69,1.17
11.567,-17.16,0.00,4.88,1.06
11.582,-15.67,0.00,5.06,1.22
11.597,-14.58,0.00,5.00,1.22
11.611,-15.63,0.00,5.00,1.12
11.624,-14.19,0.00,4.81,1.17
11.638,-12.41,0.00,4.63,1.17
11.655,-9.97,0.00,4.06,1.44
11.668,-8.96,0.00,3.69,1.17
11.685,-4.58,0.00,2.81,1.49
11.699,-3.47,0.00,2.31,1.17
11.713,-0.60,0.00,1.81,1.22
11.727,3.54,0.00,0.50,1.28
11.742,6.02,0.00,-0.81,1.38
11.757,8.89,0.00,-1.50,1.33
11.771,7.38,0.00,-2.13,1.22
11.787,10.19,0.00,-3.06,1.44
11.801,14.14,0.00,-3.69,1.33
11.815,17.59,0.00,-4.88,1.28
11.829,18.84,0.00,-5.44,1.33
11.845,23.24,0.00,-6.75,1.54
11.859,23.22,0.00,-7.25,1.28
11.873,25.85,0.00,-8.06,1.28
11.888,27.40,0.00,-8.50,1.38
11.904,19.75,0.00,-8.63,1.49
11.917,19.18,0.00,-8.50,1.33
11.933,21.72,0.00,-8.50,1.44
11.948,20.29,0.00,-8.38,1.38
11.961,19.17,0.00,-8.19,1.33
11.975,18.87,0.00,-7.75,1.33
11.989,18.84,0.00,-7.50,1.28
12.005,16.74,0.00,-7.00,1.60
12.019,16.80,0.00,-6.75,1.33
12.036,15.53,0.00,-6.13,1.54
12.050,14.79,0.00,-5.81,1.33
12.063,11.57,0.00,-5.38,1.33
12.077,8.33,0.00,-4.31,1.28
12.092,6.04,0.00,-3.69,1.44
12.107,5.54,0.00,-2.56,1.49
12.121,5.79,0.00,-2.13,1.28
12.137,3.75,0.00,-1.31,1.54
12.152,3.33,0.00,-0.94,1.38
12.165,4.02,0.00,-0.37,1.33
12.179,3.73,0.00,-0.12,1.33
12.196,1.17,0.00,0.50,1.60
12.210,2.96,0.00,0.63,1.28
12.223,-2.08,0.00,1.25,1.33
12.238,-4.89,0.00,1.75,1.38
12.254,-8.57,0.00,2.25,1.49
12.268,-10.63,0.00,3.44,1.38
12.283,-6.05,0.00,3.81,1.44
12.298,-8.85,0.00,4.19,1.44
12.312,-9.60,0.00,4.44,1.33
12.325,-4.81,0.00,4.38,1.33
12.339,-4.99,0.00,4.31,1.33
12.356,-3.53,0.00,4.00,1.60
12.370,-3.42,0.00,3.88,1.38
12.387,-1.23,0.00,3.44,1.60
12.400,-1.14,0.00,3.19,1.28
12.414,-1.87,0.00,3.00,1.38
12.428,-1.20,0.00,2.69,1.33
12.443,3.47,0.00,2.00,1.49
12.459,3.36,0.00,1.69,1.49
12.472,5.17,0.00,1.37,1.28
12.488,8.29,0.00,0.50,1.49
12.503,8.83,0.00,0.06,1.44
12.516,9.63,0.00,-0.56,1.33
12.530,9.87,0.00,-0.88,1.33
12.547,9.87,0.00,-1.44,1.65
12.561,11.44,0.00,-1.69,1.33
12.574,12.98,0.00,-2.31,1.28
12.589,11.45,0.00,-2.44,1.49
12.605,13.38,0.00,-2.56,1.49
12.619,15.51,0.00,-3.06,1.33
12.634,15.62,0.00,-3.44,1.49
12.649,16.71,0.00,-3.69,1.44
12.663,16.36,0.00,-3.81,1.33
12.677,17.06,0.00,-4.00,1.38
12.690,14.92,0.00,-4.00,1.33
12.707,15.59,0.00,-4.00,1.65
12.751,14.24,0.00,-3.88,1.33
12.765,11.16,0.00,-3.38,1.33
12.779,11.79,0.00,-3.19,1.38
12.794,12.36,0.00,-2.88,1.44
12.809,11.29,0.00,-2.69,1.49
12.823,8.86,0.00,-2.38,1.38
12.839,7.36,0.00,-1.75,1.49
12.853,6.87,0.00,-1.44,1.38
12.867,3.35,0.00,-0.69,1.38
12.956,-11.14,0.00,4.06,1.54
12.970,-5.69,0.00,4.19,1.33
12.985,-11.34,0.00,4.81,1.49
13.000,-10.70,0.00,5.06,1.49
13.013,-8.99,0.00,5.19,1.33
13.027,-11.53,0.00,5.50,1.33
13.041,-12.60,0.00,5.69,1.33
13.058,-9.34,0.00,5.69,1.60
13.071,-12.01,0.00,5.75,1.33
13.088,-13.02,0.00,6.00,1.65
13.102,-11.64,0.00,5.94,1.33
13.115,-11.81,0.00,5.88,1.33
13.160,-8.60,0.00,5.13,1.49
13.174,-7.46,0.00,4.88,1.33
13.189,-4.94,0.00,4.25,1.49
13.204,-4.14,0.00,3.88,1.44
13.218,-1.02,0.00,3.06,1.33
13.248,5.51,0.00,1.31,1.60
13.262,7.35,0.00,0.69,1.33
13.276,8.77,0.00,-0.44,1.28
13.320,12.52,0.00,-2.31,1.33
13.336,13.49,8.59,-3.00,1.49
13.350,15.32,8.59,-3.38,1.44
13.364,15.49,8.59,-3.69,1.33
13.378,18.58,8.59,-4.25,1.28
13.392,18.90,8.59,-4.50,1.33
13.408,19.17,8.59,-4.94,1.60
13.438,19.60,8.59,-5.19,1.65
13.452,17.03,8.59,-5.00,1.28
13.465,20.04,8.59,-4.88,1.33
13.479,19.96,8.59,-4.81,1.33
13.494,18.18,8.59,-4.63,1.38
13.510,17.57,8.59,-4.19,1.54
13.523,17.56,8.59,-4.00,1.33
13.540,15.52,8.59,-3.44,1.54
13.553,16.08,8.59,-3.13,1.33
13.567,13.52,8.59,-2.38,1.33
13.581,12.75,8.59,-2.00,1.33
13.597,6.14,8.59,-0.75,1.49
13.612,2.52,8.59,0.06,1.44
13.625,-1.34,8.59,1.00,1.33
13.640,-6.49,8.59,2.94,1.44
13.655,-8.62,8.59,3.94,1.44
13.669,-13.36,8.59,5.94,1.33
13.683,-13.09,8.59,6.75,1.33
13.699,-15.36,8.59,8.19,1.60
13.713,-15.99,8.59,8.81,1.33
13.727,-10.82,8.59,9.44,1.33
13.757,-17.89,8.59,10.56,1.54
13.771,-18.17,8.59,10.94,1.33
13.787,-21.55,8.59,11.75,1.49
13.802,-24.15,8.59,12.25,1.44
13.815,-26.25,8.59,12.75,1.33
13.830,-29.74,8.59,13.81,1.38
13.843,-29.21,8.59,14.25,1.33
13.874,-28.43,8.59,15.13,1.33
13.904,-23.72,8.59,14.88,1.33
13.918,-21.29,8.59,14.38,1.28
13.932,-19.30,8.59,13.94,1.38
13.949,-18.53,8.59,13.13,1.54
13.963,-16.95,8.59,12.69,1.38
13.977,-10.62,8.59,11.44,1.28
13.992,-8.07,8.59,10.75,1.44
14.007,-7.51,8.59,10.00,1.44
14.021,-2.30,8.59,8.56,1.33
14.036,-1.67,8.59,7.81,1.3814.051,-2.63,8.59,6.69,1.44
14.065,-0.57,8.59,6.19,1.33
14.078,-1.59,8.59,5.50,1.28
14.093,-4.23,8.59,5.38,1.28
14.123,-6.02,8.59,5.19,1.33
14.139,-7.95,8.59,5.50,1.49
14.153,-7.03,8.59,5.63,1.38
14.166,-6.36,8.59,5.69,1.28
14.180,-8.38,8.59,5.88,1.33
14.194,-8.87,8.59,6.06,1.28
14.211,-9.61,8.59,6.38,1.65
14.224,-10.35,8.59,6.56,1.28
14.241,-11.42,8.59,7.00,1.60
14.254,-12.58,8.59,7.25,1.33
14.268,-13.31,8.59,7.44,1.28
14.282,-16.72,8.59,8.06,1.33
14.297,-18.65,8.59,8.44,1.44
14.312,-19.83,8.59,9.25,1.49
14.326,-19.12,8.59,9.56,1.33
14.342,-19.24,8.59,10.00,1.54
14.370,-18.84,8.59,10.38,1.38
14.384,-17.20,8.59,10.38,1.33
14.401,-16.52,8.59,10.25,1.65
14.414,-15.72,8.59,10.13,1.33
14.428,-13.67,8.59,9.75,1.33
14.443,-13.80,8.59,9.56,1.44
14.459,-14.26,8.59,9.31,1.49
14.473,-14.40,8.59,9.25,1.38
14.488,-11.36,8.59,8.88,1.49
14.503,-10.10,8.59,8.56,1.44
14.530,-6.18,8.59,7.56,1.33
14.544,-4.91,8.59,7.19,1.33
14.560,0.72,8.59,6.13,1.60
14.574,2.36,8.59,5.56,1.33
14.590,4.54,8.59,4.50,1.54
14.604,6.44,8.59,3.94,1.33
14.618,4.16,8.59,3.56,1.33
14.632,1.37,8.59,3.25,1.33
14.646,-0.25,8.59,3.38,1.38
14.662,-0.88,8.59,3.56,1.54
14.692,-3.52,8.59,4.19,1.60
14.706,-4.10,8.59,4.38,1.38
14.720,-6.68,8.59,5.06,1.33
14.734,-7.55,8.59,5.38,1.38
14.750,-9.91,8.59,6.13,1.60
14.764,-10.87,8.59,6.50,1.33
14.778,-13.75,8.59,6.94,1.33
14.793,-17.45,8.59,8.00,1.49
14.808,-19.91,8.59,8.63,1.44
14.822,-23.40,8.59,9.94,1.33
14.836,-21.70,8.59,10.56,1.38
14.852,-18.97,8.59,11.13,1.60
14.866,-22.13,8.59,11.38,1.33
14.880,-20.85,8.59,11.75,1.38
14.894,-16.33,8.59,11.63,1.38
14.910,-15.64,8.59,11.31,1.60
14.924,-14.47,8.59,11.06,1.33
14.941,-11.62,8.59,10.50,1.60
14.955,-11.25,8.59,10.19,1.33
14.968,-11.46,8.59,9.94,1.33
14.997,-6.06,8.59,9.00,1.38
15.042,-0.50,8.59,6.94,1.54
15.056,-0.51,8.59,6.50,1.38
15.070,0.96,8.59,5.69,1.28
15.100,2.29,8.59,4.75,1.54
15.114,1.24,8.59,4.63,1.38
15.128,-0.41,8.59,4.56,1.33
15.143,-0.41,8.59,4.56,1.44
15.158,-4.09,8.59,4.81,1.44
15.172,-3.34,8.59,5.13,1.33
15.186,-2.96,8.59,5.25,1.33
15.202,-5.52,8.59,5.63,1.60
15.230,-6.88,8.59,6.31,1.33
15.289,-15.34,8.59,8.38,1.49
15.304,-17.90,8.59,8.94,1.38
15.318,-20.17,8.59,9.50,1.33
15.332,-22.59,8.59,10.69,1.33
15.345,-22.32,8.59,11.13,1.33
15.362,-20.79,8.59,11.69,1.65
15.376,-22.54,8.59,11.94,1.33
15.393,-18.99,8.59,12.13,1.65
15.420,-15.44,8.59,11.75,1.33
15.434,-14.45,8.59,11.50,1.33
15.450,-12.99,8.59,11.06,1.44
15.465,-13.84,8.59,10.88,1.38
15.478,-10.94,8.59,10.63,1.28
15.494,-11.42,8.59,10.06,1.44
15.509,-9.92,8.59,9.75,1.38
15.523,-8.22,8.59,9.06,1.22
15.536,-7.09,8.59,8.75,1.28
15.553,-3.32,8.59,7.94,1.60
15.567,-3.25,8.59,7.56,1.28
15.580,0.61,8.59,6.69,1.28
15.595,2.03,8.59,6.25,1.38
15.611,-0.13,8.59,5.88,1.49
15.624,2.63,8.59,5.25,1.22
15.640,1.15,8.59,4.88,1.44
15.668,-2.37,8.59,4.94,1.22
15.682,-0.47,8.59,4.94,1.22
15.696,-2.74,8.59,5.06,1.33
15.712,-1.25,8.59,5.19,1.49
15.726,-2.77,8.59,5.31,1.28
15.770,-3.48,8.59,5.81,1.28
15.784,-3.51,8.59,6.06,1.28
15.798,-4.44,8.59,6.19,1.33
15.814,-5.71,8.59,6.56,1.54
15.828,-7.11,8.59,6.81,1.28
15.844,-11.74,8.59,7.56,1.54
15.858,-13.56,8.59,8.06,1.28
15.872,-15.61,8.59,8.94,1.28
15.885,-17.88,8.59,9.50,1.33
15.930,-19.69,8.59,11.50,1.33
15.945,-20.91,8.59,12.06,1.49
15.960,-20.15,8.59,12.19,1.44
15.974,-16.78,8.59,12.19,1.33
15.989,-18.56,8.59,12.13,1.38
16.004,-18.78,8.59,12.19,1.54
16.018,-17.09,8.59,12.06,1.33
16.032,-15.91,8.59,11.81,1.28
16.046,-15.36,8.59,11.63,1.38
16.062,-12.86,8.59,11.13,1.54
16.076,-13.18,8.59,10.94,1.33
16.107,-6.69,8.59,9.81,1.38
16.120,-5.44,8.59,9.31,1.33
16.134,0.07,8.59,8.13,1.33
16.149,-0.03,8.59,7.50,1.38
16.165,4.08,8.59,6.38,1.49
16.178,3.34,8.59,5.88,1.33
16.195,-1.48,8.59,5.50,1.54
16.209,-0.20,8.59,5.38,1.33
16.222,0.20,8.59,5.13,1.33
16.237,-2.28,8.59,5.19,1.38
16.253,-1.45,8.59,5.31,1.54
16.267,2.05,8.59,5.13,1.44
16.281,6.23,8.59,4.88,1.28
16.296,7.97,8.59,4.19,1.38
16.311,10.14,8.59,3.81,1.33
16.325,12.45,8.59,2.88,1.28
16.339,10.35,8.59,2.69,1.28
16.355,12.49,8.59,2.25,1.54
16.369,5.89,8.59,2.50,1.28
16.382,10.31,8.59,2.44,1.28
16.397,5.83,8.59,2.69,1.38
16.413,4.53,8.59,3.13,1.49
16.427,2.88,8.59,3.44,1.28
16.442,2.78,8.59,4.13,1.33
16.457,4.06,8.59,4.31,1.33
16.471,2.04,8.59,4.56,1.28
16.484,-2.33,8.59,5.44,1.28
16.498,-0.87,8.59,5.75,1.22
16.515,-17.58,8.59,7.38,1.60
16.529,-22.65,8.59,8.63,1.33
16.559,-29.58,8.59,12.31,1.28
16.573,-26.58,8.59,13.81,1.28
16.587,-26.06,8.59,14.31,1.33
16.602,-26.41,8.59,15.13,1.49
16.617,-26.64,8.59,15.44,1.44
16.631,-17.28,8.59,15.31,1.28
16.646,-14.76,8.59,14.56,1.49
16.662,-13.91,8.59,14.13,1.38
16.676,-9.88,8.59,13.13,1.28
16.689,-7.31,8.59,12.50,1.28
16.706,-4.08,8.59,11.19,1.54
16.719,-4.45,8.59,10.63,1.22
16.733,-5.47,8.59,10.00,1.28
16.748,-7.01,8.59,9.75,1.33
16.764,-8.87,8.59,9.50,1.49
16.777,-10.88,8.59,9.50,1.28
16.793,-9.24,8.59,9.38,1.44
16.808,-10.13,8.59,9.38,1.33
16.821,-9.92,8.59,9.31,1.28
16.835,-7.64,8.59,9.13,1.28
16.849,-7.10,8.59,9.00,1.28
16.866,-9.05,8.59,8.94,1.54
16.879,-7.85,8.59,8.81,1.22
16.896,-9.40,8.59,8.81,1.54
16.910,-8.23,8.59,8.75,1.22
6.923,-6.80,8.59,8.63,1.22
16.937,-5.88,8.59,8.38,1.33
16.968,-0.34,8.59,7.31,1.38
16.981,3.72,8.59,6.88,1.28
16.997,6.52,8.59,5.88,1.38
17.012,8.52,8.59,5.38,1.33
17.025,15.62,8.59,3.81,1.28
17.039,13.49,8.59,3.31,1.28
17.056,19.46,8.59,2.00,1.54
17.070,17.68,8.59,1.63,1.22
17.083,13.89,8.59,1.31,1.28
17.098,13.38,8.59,1.31,1.38
17.114,7.98,8.59,1.81,1.60
17.128,5.75,8.59,2.25,1.33
17.143,-3.02,8.59,3.50,1.44
17.158,-1.71,8.59,4.13,1.49
17.199,-12.82,8.59,7.00,1.28
17.216,-2.40,8.59,7.75,1.60
17.229,-2.12,8.59,7.88,1.28
17.260,-9.34,8.59,9.13,1.28
17.274,-10.08,8.59,9.38,1.28
17.288,-11.90,8.59,10.13,1.38
17.302,-15.95,8.59,10.56,1.44
17.318,-20.59,8.59,11.75,1.49
17.332,-18.41,8.59,12.19,1.33
17.348,-24.79,8.59,13.25,1.49
17.362,-25.80,8.59,13.81,1.44
17.376,-24.20,8.59,14.56,1.33
17.390,-26.36,8.59,14.94,1.33
17.407,-28.00,8.59,15.63,1.65
17.420,-26.36,8.59,15.81,1.28
17.434,-27.79,8.59,16.06,1.38
17.449,-24.33,8.59,16.00,1.38
17.465,-19.41,8.59,15.44,1.54
17.509,-13.15,8.59,13.75,1.38
17.523,-10.57,8.59,13.13,1.33
17.537,-3.72,8.59,11.56,1.38
17.552,-1.09,8.59,10.56,1.33
17.568,-1.10,8.59,9.00,1.54
17.581,2.46,8.59,8.38,1.28
17.597,5.68,8.59,6.88,1.49
17.612,1.11,8.59,6.50,1.38
17.625,3.01,8.59,5.75,1.28
17.640,0.74,8.59,5.56,1.33
17.656,2.14,8.59,5.31,1.54
17.670,3.31,8.59,5.13,1.33
.684,4.50,8.59,4.88,1.28
17.699,6.01,8.59,4.44,1.44
17.714,8.06,8.59,4.19,1.44
17.728,8.91,8.59,3.63,1.33
17.742,9.25,8.59,3.44,1.33
17.758,9.44,8.59,3.06,1.54
17.771,6.89,8.59,3.13,1.28
17.785,9.44,8.59,2.94,1.28
17.800,9.74,8.59,2.94,1.38
17.815,8.77,8.59,3.00,1.54
17.829,9.73,8.59,3.00,1.33
17.859,10.91,8.59,2.94,1.38
17.873,11.86,8.59,2.94,1.28
17.887,13.20,8.59,2.81,1.33
17.900,12.76,8.59,2.81,1.33
17.917,7.68,8.59,3.19,1.60
17.931,5.82,8.59,3.56,1.33
17.948,2.04,8.59,4.44,1.60
17.961,1.57,8.59,4.88,1.33
17.975,-2.85,8.59,5.44,1.33
17.989,-7.79,8.59,6.88,1.33
18.004,-9.35,8.59,7.75,1.44
18.019,-10.26,8.59,9.06,1.54
18.033,-11.97,8.59,9.56,1.33
18.049,-13.70,8.59,10.69,1.54
18.063,-12.26,8.59,11.06,1.44
18.077,-16.30,8.59,11.94,1.33
18.091,-19.42,8.59,12.44,1.38
18.108,-22.14,8.59,13.56,1.60
18.121,-22.30,8.59,14.00,1.38
18.135,-24.37,8.59,14.88,1.33
18.150,-23.71,8.59,15.13,1.44
18.180,-21.11,8.59,15.56,1.33
18.195,-18.99,8.59,15.25,1.54
18.210,-18.14,8.59,15.06,1.44
18.224,-17.53,8.59,14.81,1.33
18.238,-15.90,8.59,14.25,1.33
18.252,-16.35,8.59,14.00,1.33
18.269,-15.87,8.59,13.56,1.60
18.282,-13.16,8.59,13.19,1.33
18.299,-9.70,8.59,12.25,1.60
18.313,-8.03,8.59,11.75,1.33
18.327,-2.81,8.59,10.56,1.33
18.341,-1.63,-5.73,9.88,1.38
18.357,0.88,-5.73,8.50,1.54
18.371,-0.26,-5.73,7.94,1.33
18.385,-2.25,-5.73,7.13,1.33
18.400,-1.69,-5.73,6.75,1.38
18.415,-3.57,-5.73,6.56,1.44
18.429,-6.51,-5.73,6.38,1.33
18.443,-7.90,-5.73,6.38,1.33
18.459,-6.63,-5.73,6.25,1.54
18.487,-6.05,-5.73,5.81,1.28
18.501,-6.26,-5.73,5.63,1.38
18.517,-4.66,-5.73,5.25,1.54
18.531,-4.50,-5.73,5.06,1.33
18.546,-1.98,-5.73,4.44,1.49
18.561,-1.00,-5.73,4.06,1.44
18.575,0.31,-5.73,3.69,1.28
18.588,1.71,-5.73,2.88,1.33
18.602,2.26,-5.73,2.44,1.28
18.619,4.93,-5.73,1.63,1.65
18.633,8.87,-5.73,1.00,1.33
18.649,12.53,-5.73,-0.19,1.54
18.663,14.99,-5.73,-0.94,1.33
18.677,16.55,-5.73,-1.69,1.28
18.691,19.77,-5.73,-3.06,1.38
18.706,18.69,-5.73,-3.75,1.44
18.721,21.25,-5.73,-4.75,1.49
18.735,23.14,-5.73,-5.25,1.28
18.750,21.87,-5.73,-6.06,1.54
18.765,23.44,-5.73,-6.38,1.38
18.779,27.00,-5.73,-7.19,1.33
18.792,23.99,-5.73,-7.31,1.33
18.809,29.29,-5.73,-7.94,1.60
18.823,30.53,-5.73,-8.31,1.33
18.852,33.09,-5.73,-9.19,1.38
18.867,31.19,-5.73,-9.56,1.54
18.881,31.40,-5.73,-9.63,1.38
18.896,29.51,-5.73,-9.56,1.44
18.911,28.50,-5.73,-9.44,1.44
18.925,27.99,-5.73,-9.25,1.33
18.939,24.83,-5.73,-8.75,1.33
18.952,22.70,-5.73,-8.31,1.33
18.969,16.44,-5.73,-7.13,1.60
18.983,16.99,-5.73,-6.56,1.33
19.000,13.67,-5.73,-5.50,1.60
19.013,9.54,-5.73,-4.75,1.33
19.027,13.94,-5.73,-4.13,1.33
19.041,10.87,-5.73,-3.38,1.38
19.057,12.11,-5.73,-2.69,1.49
19.072,16.36,-5.73,-2.75,1.44
19.086,12.34,-5.73,-2.75,1.33
19.101,9.79,-5.73,-2.25,1.49
19.116,9.29,-5.73,-2.00,1.44
19.130,8.67,-5.73,-1.56,1.33
19.143,7.37,-5.73,-1.31,1.33
19.160,5.85,-5.73,-0.81,1.60
19.174,3.30,-5.73,-0.44,1.33
19.187,4.25,-5.73,-0.06,1.33
19.202,1.19,-5.73,0.25,1.44
19.218,2.98,-5.73,0.44,1.49
19.232,4.72,-5.73,0.56,1.38
19.247,4.25,-5.73,0.50,1.49
19.262,3.95,-5.73,0.50,1.38
19.276,5.62,-5.73,0.37,1.33
19.289,3.17,-5.73,0.31,1.38
19.303,2.69,-5.73,0.31,1.28
19.320,5.47,-5.73,0.12,1.60
19.350,6.21,-5.73,-0.37,1.65
19.364,6.61,-5.73,-0.50,1.33
19.378,8.61,-5.73,-0.75,1.33
19.451,21.29,-5.73,-4.38,1.54
19.466,22.66,-5.73,-4.94,1.44
19.480,23.66,-5.73,-5.81,1.28
19.493,28.00,-5.73,-6.44,1.33
19.510,23.39,-5.73,-7.25,1.60
19.524,26.95,-5.73,-7.63,1.38
19.568,27.13,-5.73,-8.44,1.49
19.582,28.48,-5.73,-8.81,1.33
19.596,30.04,-5.73,-9.06,1.49
19.612,31.21,-5.73,-9.56,1.49
19.626,31.75,-5.73,-9.75,1.33
19.639,28.86,-5.73,-9.81,1.38
19.654,31.12,-5.73,-9.88,1.38
19.684,30.36,-5.73,-10.13,1.33
19.714,28.92,-5.73,-9.69,1.33
19.728,27.31,-5.73,-9.63,1.38
19.742,26.85,-5.73,-9.13,1.38
19.757,26.71,-5.73,-8.94,1.38
19.773,24.30,-5.73,-8.44,1.54
19.786,20.29,-5.73,-8.00,1.38
19.802,15.56,-5.73,-6.88,1.49
19.817,12.25,-5.73,-6.13,1.49
19.831,8.33,-5.73,-4.63,1.28
19.861,5.42,-5.73,-2.81,1.70
19.903,6.87,-5.73,-1.25,1.44
19.919,8.39,-5.73,-1.00,1.49
19.933,11.68,-5.73,-1.06,1.33
19.948,6.71,-5.73,-1.00,1.54
19.963,4.52,-5.73,-0.75,1.44
19.990,5.43,-5.73,-0.37,1.33
20.004,4.94,-5.73,-0.31,1.33
20.021,2.66,-5.73,-0.06,1.60
20.051,2.51,-5.73,0.25,1.65
20.078,1.28,-5.73,0.37,1.33
20.092,2.02,-5.73,0.37,1.33
20.106,2.56,-5.73,0.25,1.33
20.122,0.08,-5.73,0.31,1.60
20.136,-0.30,-5.73,0.37,1.38
20.152,-1.76,-5.73,0.50,1.54
20.166,-0.13,-5.73,0.44,1.38
20.180,0.47,-5.73,0.25,1.33
20.194,0.86,-5.73,0.12,1.38
20.210,5.03,-5.73,-0.50,1.54
20.224,6.22,-5.73,-0.88,1.44
20.238,9.79,-5.73,-1.31,1.33
20.268,15.77,-5.73,-3.13,1.49
20.282,21.78,-5.73,-4.69,1.33
20.296,24.79,-5.73,-5.50,1.33
20.313,22.16,-5.73,-6.75,1.60
20.326,26.35,-5.73,-7.44,1.33
20.354,27.25,-5.73,-9.19,1.44
20.370,33.14,-5.73,-10.31,1.54
20.384,33.79,-5.73,-10.81,1.38
20.400,35.12,-5.73,-11.56,1.54
20.415,35.68,-5.73,-11.94,1.44
20.473,28.72,-5.73,-12.31,1.65
20.503,24.80,-5.73,-11.06,1.60
20.517,25.29,-5.73,-10.75,1.38
20.531,18.88,-5.73,-9.69,1.38
20.545,16.79,-5.73,-9.06,1.33
20.561,13.34,-5.73,-7.69,1.60
20.575,12.34,-5.73,-7.06,1.44
20.589,13.76,-5.73,-6.06,1.33
20.604,13.65,-5.73,-5.75,1.44
20.619,11.97,-5.73,-5.38,1.49
20.633,11.73,-5.73,-4.69,1.38
20.648,7.12,-5.73,-4.25,1.38
20.663,5.78,-5.73,-3.31,1.54
20.677,6.35,-5.73,-2.94,1.33
20.691,2.52,-5.73,-2.19,1.33
20.705,2.25,-5.73,-1.81,1.44
20.721,1.72,-5.73,-1.12,1.54
20.735,2.08,-5.73,-0.94,1.33
20.750,4.32,-5.73,-0.81,1.49
20.778,4.13,-5.73,-0.75,1.33
20.792,2.37,-5.73,-0.69,1.33
20.806,0.49,-5.73,-0.56,1.33
20.822,-2.31,-5.73,-0.12,1.60
20.836,-2.09,-5.73,0.00,1.33
20.853,-1.72,-5.73,0.19,1.65
20.867,-3.89,-5.73,0.31,1.33
20.880,-0.22,-5.73,0.37,1.33
20.894,0.91,-5.73,0.06,1.33
20.909,1.88,-5.73,-0.06,1.44
20.925,2.97,-5.73,-0.56,1.54
20.938,5.28,-5.73,-0.88,1.28
20.954,6.82,-5.73,-1.63,1.54
20.968,7.35,-5.73,-2.00,1.38
20.996,10.57,-5.73,-3.13,1.33
21.026,19.58,-5.73,-5.06,1.38
21.070,28.31,-5.73,-8.06,1.49
21.084,29.34,-5.73,-9.25,1.33
21.098,27.33,-5.73,-9.81,1.38
21.114,23.66,-5.73,-10.25,1.54
21.142,23.44,-5.73,-10.44,1.38
21.156,20.37,-5.73,-10.19,1.44
21.172,17.72,-5.73,-9.63,1.54
21.186,18.15,-5.73,-9.31,1.38
21.203,16.51,-5.73,-8.81,1.65
21.217,14.05,-5.73,-8.38,1.38
21.230,13.75,-5.73,-7.94,1.33
21.244,12.80,-5.73,-7.25,1.38
21.258,12.16,-5.73,-6.88,1.38
21.275,14.12,-5.73,-6.44,1.60
21.288,14.11,-5.73,-6.31,1.33
21.305,9.88,-5.73,-5.81,1.60
21.332,4.88,-5.73,-4.56,1.33
21.362,2.83,-5.73,-3.56,1.60
21.377,3.05,-5.73,-3.25,1.44
21.390,4.45,-5.73,-3.00,1.33
21.406,5.65,-5.73,-2.81,1.54
21.421,5.06,-5.73,-2.75,1.44
21.434,7.19,-5.73,-2.81,1.33
21.448,7.54,-5.73,-2.94,1.38
21.464,5.44,-5.73,-2.94,1.60
21.478,4.30,-5.73,-2.88,1.33
21.492,3.18,-5.73,-2.69,1.33
21.506,4.69,-5.73,-2.75,1.44
21.522,5.54,-5.73,-2.81,1.60
1.536,4.84,-5.73,-2.88,1.33
21.551,4.54,-5.73,-2.94,1.54
21.580,5.87,-5.73,-3.13,1.33
21.593,6.55,-5.73,-3.31,1.33
21.607,7.41,-5.73,-3.50,1.33
21.624,8.78,-5.73,-3.94,1.65
21.637,8.17,-5.73,-4.06,1.33
21.654,6.33,-5.73,-4.13,1.65
21.668,7.71,-5.73,-4.25,1.33
21.695,13.10,-5.73,-5.06,1.33
21.709,13.97,-5.73,-5.38,1.44
21.726,16.64,-5.73,-6.06,1.60
21.739,19.85,-5.73,-6.56,1.33
21.755,24.53,-5.73,-7.69,1.54
21.827,23.40,-5.73,-10.38,1.44
21.841,26.48,-5.73,-10.50,1.33
21.857,26.43,-5.73,-10.75,1.49
21.872,26.22,-5.73,-10.81,1.49
21.886,27.49,-5.73,-10.94,1.38
21.900,28.62,-5.73,-11.06,1.44
21.916,28.60,-5.73,-11.25,1.54
21.930,30.58,-5.73,-11.38,1.33
21.974,31.97,-5.73,-11.88,1.60
21.988,26.23,-5.73,-11.56,1.38
22.005,26.67,-5.73,-10.94,1.60
22.019,25.21,-5.73,-10.63,1.33
22.061,14.83,-5.73,-8.44,1.44
22.077,9.51,-5.73,-7.00,1.54
22.091,5.48,-5.73,-6.13,1.33
22.121,4.96,-5.73,-3.94,1.44
22.148,1.85,-5.73,-2.25,1.33
22.165,-3.93,-5.73,-1.06,1.65
22.178,-1.57,-5.73,-0.69,1.33
22.192,-1.94,-5.73,-0.12,1.33
22.207,-4.33,-5.73,0.25,1.49
22.222,-4.60,-5.73,0.50,1.44
22.236,-0.74,-5.73,0.69,1.38
22.250,-2.28,-5.73,0.75,1.38
22.266,-1.86,-5.73,0.75,1.54
22.280,-1.83,-5.73,0.69,1.33
22.294,-2.56,-5.73,0.56,1.33
22.308,-4.30,-5.73,0.63,1.38
22.324,-6.57,-5.73,0.75,1.54
22.338,-7.24,-5.73,1.00,1.33
22.354,-5.69,-5.73,1.00,1.54
22.368,-5.94,-5.73,0.94,1.44
22.382,-7.13,-5.73,0.94,1.33
22.396,-5.73,-5.73,0.88,1.33
22.409,-4.93,-5.73,0.69,1.33
22.426,-3.78,-5.73,0.31,1.65
22.456,-0.64,-5.73,-0.50,1.60
22.470,-0.16,-5.73,-0.88,1.33
22.484,-1.03,-5.73,-1.12,1.33
22.497,-0.56,-5.73,-1.63,1.33
22.512,3.75,-5.73,-2.00,1.44
22.541,10.11,-5.73,-3.63,1.33
22.557,15.07,-5.73,-5.00,1.54
22.572,17.80,-5.73,-5.75,1.38
22.586,26.78,-5.73,-7.75,1.33
22.599,28.75,-5.73,-8.75,1.38
22.616,35.19,-5.73,-10.81,1.60
22.630,36.90,-5.73,-11.81,1.38
22.644,37.43,-5.73,-13.25,1.33
22.659,35.30,-5.73,-13.69,1.44
22.674,29.78,-5.73,-13.81,1.54
22.688,28.62,-5.73,-13.81,1.38
22.703,29.82,-5.73,-13.94,1.49
22.718,32.67,-5.73,-14.13,1.38
22.732,34.48,-5.73,-14.38,1.28
22.746,37.79,-5.73,-15.06,1.17
22.760,41.66,-5.73,-15.56,1.17
22.777,48.82,-5.73,-16.75,1.33
22.790,50.00,-5.73,-17.50,1.12
22.807,50.00,-5.73,-19.00,1.28
22.821,50.00,-5.73,-19.75,1.06
22.834,50.00,-5.73,-21.00,1.22
22.848,48.63,-5.73,-20.56,1.22
22.864,50.00,-5.73,-21.87,1.44
22.879,50.00,-5.73,-23.12,1.49
22.893,50.00,-5.73,-24.19,1.38
22.908,50.00,-5.73,-25.56,1.60
22.923,50.00,-5.73,-25.87,1.54
22.937,50.00,-5.73,-26.00,1.49
22.951,50.00,-5.73,-25.87,1.38
22.967,50.00,-5.73,-25.50,1.22
22.981,50.00,-5.73,-24.87,1.06
22.995,50.00,-5.73,-23.44,1.12
23.009,50.00,-5.73,-24.12,1.33
23.025,50.00,-5.73,-25.62,1.33
23.039,50.00,-5.73,-26.25,1.12
23.055,50.00,-5.73,-27.81,1.38
23.070,50.00,-5.73,-29.44,1.28
23.083,50.00,-5.73,-31.06,1.22
23.097,50.00,-5.73,-34.63,1.22
23.111,50.00,-5.73,-36.94,1.28
23.128,50.00,-5.73,-42.44,1.60
23.141,50.00,-5.73,-45.63,1.01
23.158,50.00,-5.73,-53.13,1.28
23.172,50.00,-5.73,-58.63,1.28
23.186,50.00,-5.73,-71.12,1.22
23.200,50.00,-5.73,-78.12,1.38
23.216,-50.00,-5.73,265.81,1.60
23.259,-50.00,-5.73,253.69,1.49
23.275,-50.00,-5.73,253.25,1.60
23.289,-50.00,-5.73,254.38,1.44
23.304,-50.00,-5.73,255.69,1.49
23.319,-50.00,-5.73,259.63,1.60
23.333,-50.00,-5.73,262.19,1.38
23.361,-50.00,8.59,263.94,1.44
23.392,-50.00,8.59,263.38,1.44
23.422,-50.00,8.59,264.31,1.44
23.436,-50.00,8.59,265.44,1.44
23.450,-50.00,8.59,265.75,1.49
23.466,-50.00,8.59,266.56,1.70
23.481,-50.00,8.59,266.81,1.49
23.510,-50.00,8.59,267.06,1.60
23.525,-50.00,8.59,267.06,1.60
23.539,-50.00,8.59,266.94,1.44
23.554,-50.00,8.59,266.94,1.54
23.570,-50.00,8.59,267.00,1.60
23.583,-50.00,8.59,267.06,1.44
23.597,-50.00,8.59,266.81,1.44
23.611,-50.00,8.59,266.38,1.44
23.628,-50.00,8.59,266.19,1.76
23.658,-50.00,8.59,266.19,1.70
23.673,-50.00,8.59,266.19,1.4923.686,-50.00,8.59,266.19,1.44
23.701,-50.00,8.59,266.19,1.49
23.717,-50.00,8.59,266.25,1.70
23.732,-50.00,8.59,266.25,1.49
23.745,-50.00,8.59,266.19,1.44
23.760,-50.00,8.59,266.25,1.54
23.775,-50.00,8.59,266.25,1.54
23.790,-50.00,8.59,266.19,1.54
23.805,-50.00,8.59,266.19,1.49
23.820,-50.00,8.59,266.19,1.65
23.834,-50.00,8.59,266.19,1.38
23.848,-50.00,8.59,266.19,1.44
23.862,-50.00,8.59,266.19,1.49
23.878,-50.00,8.59,266.19,1.65
23.892,-50.00,8.59,266.19,1.44
23.935,-50.00,8.59,266.19,1.44
23.949,-50.00,8.59,266.13,1.44
23.963,-50.00,8.59,266.13,1.44
23.979,-50.00,8.59,266.13,1.76
23.993,-50.00,8.59,266.06,1.44
24.009,-50.00,8.59,266.06,1.65
24.023,-50.00,8.59,266.13,1.44
24.037,-50.00,8.59,266.13,1.44
24.067,-50.00,8.59,266.06,1.65
24.098,-50.00,8.59,266.06,1.70
24.112,-50.00,8.59,266.06,1.44
24.128,-50.00,8.59,266.06,1.65
24.142,-50.00,8.59,266.06,1.49
24.157,-50.00,8.59,266.06,1.60
24.186,-50.00,8.59,266.06,1.44
24.200,-50.00,8.59,266.06,1.44
24.213,-50.00,8.59,266.06,1.44
24.230,-50.00,8.59,266.06,1.76
24.244,-50.00,8.59,266.00,1.38
24.260,-50.00,8.59,266.00,1.70
24.274,-50.00,8.59,266.00,1.44
24.288,-50.00,8.59,266.00,1.38
24.302,-50.00,8.59,266.00,1.54
24.318,-50.00,8.59,266.00,1.65
24.332,-50.00,8.59,266.00,1.49
24.407,-50.00,8.59,266.00,1.44
24.422,-50.00,8.59,266.00,1.54
24.435,-50.00,8.59,266.00,1.44
24.451,-50.00,8.59,266.00,1.65
24.482,-50.00,8.59,266.00,1.60
24.512,50.00,8.59,-90.06,1.28
24.528,50.00,8.59,-87.06,1.12
24.542,50.00,8.59,-86.50,0.85
24.558,50.00,8.59,-86.19,0.85
24.572,50.00,8.59,-87.31,0.85
24.586,50.00,8.59,-87.25,0.80
24.600,50.00,8.59,-86.00,0.69
24.614,50.00,8.59,-86.69,0.48
24.630,50.00,8.59,-88.06,0.69
24.644,50.00,8.59,-88.37,0.69
24.661,50.00,8.59,-88.25,1.06
24.674,50.00,8.59,-87.62,1.12
24.688,50.00,8.59,-85.19,1.22
24.702,50.00,8.59,-83.87,1.28
24.718,50.00,8.59,-81.62,1.54
24.733,50.00,8.59,-80.31,1.49
24.746,50.00,8.59,-78.69,1.38
24.762,50.00,8.59,-73.56,1.54
24.777,50.00,8.59,-70.44,1.54
24.791,50.00,8.59,-64.37,1.38
24.804,50.00,8.59,-61.75,1.44
24.821,50.00,8.59,-57.69,1.70
24.848,50.00,8.59,-53.19,1.38
24.879,50.00,8.59,-49.38,1.54
24.893,50.00,8.59,-44.94,1.33
24.909,50.00,8.59,-40.19,1.54
24.923,50.00,8.59,-37.75,1.38
24.937,50.00,8.59,-35.25,1.38
24.951,50.00,8.59,-30.19,1.38
24.965,50.00,8.59,-27.69,1.38
25.011,12.81,8.59,-11.88,1.60
25.026,3.46,8.59,-8.25,1.38
25.039,-18.25,8.59,-0.63,1.38
25.054,-27.69,8.59,3.13,1.44
25.070,-50.00,8.59,11.25,1.65
25.084,-50.00,8.59,15.44,1.44
25.098,-50.00,8.59,23.44,1.44
25.113,-50.00,8.59,27.44,1.54
25.128,-50.00,8.59,31.50,1.60
25.142,-50.00,8.59,39.81,1.49
25.157,-50.00,8.59,43.38,1.49
25.172,-50.00,8.59,46.88,1.60
25.186,-50.00,8.59,47.44,1.38
25.214,-50.00,8.59,49.94,1.44
25.244,-50.00,8.59,54.19,1.44
25.261,-50.00,8.59,57.13,1.76
25.275,-50.00,8.59,58.50,1.44
25.289,-50.00,8.59,59.88,1.44
25.303,-50.00,8.59,62.81,1.44
25.333,-50.00,8.59,65.94,1.60
25.347,-50.00,8.59,66.00,1.33
25.363,-50.00,8.59,64.87,1.17
25.377,-50.00,8.59,63.94,0.69
25.391,-50.00,8.59,63.25,0.53
25.405,-50.00,8.59,63.38,0.64
25.422,-50.00,8.59,63.56,0.96
25.435,-50.00,8.59,63.44,1.01
25.449,-50.00,8.59,63.38,1.12
25.464,-50.00,8.59,63.44,1.22
25.480,-50.00,8.59,63.38,1.38
25.493,-50.00,8.59,63.25,1.22
25.509,-50.00,8.59,63.06,1.44
25.552,-50.00,8.59,63.31,1.28
25.566,-50.00,8.59,63.44,1.28
25.582,-50.00,8.59,63.81,1.60
25.596,-50.00,8.59,64.06,1.38
25.612,-50.00,8.59,64.25,1.65
25.627,-50.00,8.59,64.31,1.38
25.640,-50.00,8.59,64.44,1.44
25.655,-50.00,8.59,64.50,1.44
25.671,-50.00,8.59,64.69,1.70
25.699,-50.00,8.59,65.50,1.38
