328.139,0.00,0.00,-5.50,0.05
328.154,0.00,0.00,-5.50,0.05
328.211,0.00,0.00,-5.06,0.16
328.224,0.00,0.00,-4.81,0.16
328.239,0.00,0.00,-4.69,0.21
328.254,0.00,0.00,-4.44,0.27
328.268,0.00,0.00,-4.31,0.27
328.281,0.00,0.00,-4.19,0.27
328.296,0.00,0.00,-4.19,0.27
328.311,0.00,0.00,-4.31,0.32
328.325,0.00,0.00,-4.38,0.21
328.341,0.00,0.00,-4.56,0.21328.355,0.00,0.00,-4.63,0.16
328.369,0.00,0.00,-4.63,0.11
328.382,0.00,0.00,-4.69,0.05
328.410,0.00,0.00,-4.69,0.05
32.284,0.00,0.00,3.44,0.05
332.299,0.00,0.00,3.06,0.11
332.314,0.00,0.00,2.94,0.05
332.327,0.00,0.00,2.94,0.11
332.341,0.00,0.00,3.00,0.11
332.354,0.00,0.00,3.00,0.16
332.371,0.00,0.00,3.00,0.16
332.384,0.00,0.00,2.94,0.16
332.400,0.00,0.00,2.81,0.27
332.414,0.00,0.00,2.69,0.21
332.428,0.00,0.00,2.63,0.27
332.441,0.00,0.00,2.69,0.27
332.455,0.00,0.00,2.75,0.27
332.471,0.00,0.00,2.81,0.37
332.485,0.00,0.00,2.88,0.37
332.500,0.00,0.00,2.94,0.37
332.514,0.00,0.00,2.94,0.43
332.528,0.00,0.00,3.00,0.37
332.541,0.00,0.00,3.06,0.43
332.555,0.00,0.00,3.06,0.43
332.572,0.00,0.00,3.13,0.48
332.585,0.00,0.00,3.13,0.48
332.601,-8.47,0.00,3.19,0.53
332.615,-8.75,0.00,3.19,0.69
332.643,-8.03,0.00,3.19,0.64
332.673,-9.21,0.00,3.00,0.85
332.687,-9.11,0.00,3.00,0.80
332.703,-9.31,0.00,3.00,0.90
332.717,-9.81,0.00,3.00,0.85
332.731,-8.85,0.00,2.88,0.80
332.745,-8.87,0.00,2.81,0.90
332.761,-9.92,0.00,2.81,1.06
332.775,-10.37,0.00,2.81,0.90
332.789,-11.31,0.00,2.81,0.96
332.804,-10.46,0.00,2.88,1.01
332.820,-12.36,0.00,2.88,1.12
332.834,-12.43,0.00,3.00,0.96
332.849,-8.66,0.00,2.88,1.12
332.864,-8.06,0.00,2.56,1.17
332.892,-2.53,0.00,1.63,1.06
332.923,4.00,0.00,0.19,1.38
332.936,7.03,0.00,-0.50,1.12
332.953,13.91,0.00,-2.13,1.38
332.967,16.99,0.00,-3.00,1.17
332.981,20.40,0.00,-3.94,1.17
332.995,25.05,0.00,-5.81,1.22
333.010,22.50,0.00,-7.06,1.33
333.025,21.77,0.00,-7.44,1.33
333.039,26.92,0.00,-7.94,1.22
333.055,29.00,0.00,-9.00,1.38
333.070,32.68,0.00,-9.63,1.33
333.084,36.25,0.00,-10.75,1.28
333.097,39.72,0.00,-11.44,1.22
333.114,39.17,0.00,-12.19,1.54
333.128,41.52,0.00,-12.63,1.28
333.156,40.46,0.00,-13.25,1.28
333.173,39.55,0.00,-13.38,1.54
333.186,36.64,0.00,-13.13,1.28
333.217,28.29,0.00,-11.56,1.28
333.231,24.72,0.00,-10.81,1.33
333.245,21.17,0.00,-9.19,1.28
333.260,17.46,0.00,-8.31,1.38
333.275,11.02,0.00,-6.25,1.44
333.289,16.17,0.00,-5.50,1.28
333.305,11.14,0.00,-4.06,1.49
333.320,10.69,0.00,-3.38,1.38
333.334,18.95,0.00,-2.88,1.28
333.348,17.00,0.00,-2.63,1.28
333.364,10.32,0.00,-1.69,1.54
333.378,10.83,0.00,-1.31,1.33
333.392,4.02,0.00,-0.06,1.28
333.406,0.70,0.00,0.69,1.33
333.437,-6.03,0.00,2.94,1.33
333.467,-5.76,0.00,4.44,1.38
333.495,-9.25,0.00,5.69,1.38
333.509,-8.42,0.00,6.13,1.33
333.525,-9.12,0.00,6.63,1.49
333.555,-12.99,0.00,7.38,1.54
333.570,-16.37,0.00,7.75,1.33
333.583,-21.46,0.00,8.81,1.33
333.597,-19.08,0.00,9.06,1.33
333.614,-17.04,0.00,9.25,1.60
333.628,-17.02,0.00,9.25,1.28
333.642,-15.47,0.00,9.19,1.33
333.657,-11.43,0.00,8.81,1.44
333.686,-4.41,0.00,7.25,1.33
333.701,-1.91,0.00,6.50,1.38
333.716,1.49,0.00,5.06,1.44
333.730,3.94,0.00,4.25,1.28
333.744,-1.66,0.00,3.25,1.33
333.758,3.67,0.00,2.69,1.28
333.775,2.18,0.00,1.81,1.60
333.788,1.62,0.00,1.56,1.28
333.805,4.61,0.00,0.88,1.54
333.819,6.94,0.00,0.44,1.33
333.833,10.25,0.00,-0.12,1.28
333.847,14.66,0.00,-1.31,1.33
333.862,23.26,0.00,-2.94,1.44
333.877,24.42,0.00,-3.75,1.44
333.891,21.98,0.00,-4.38,1.28
333.907,21.55,0.00,-5.31,1.49
333.922,19.74,0.00,-5.44,1.44
333.936,18.93,0.00,-5.63,1.33
333.950,22.03,0.00,-5.81,1.33
333.966,20.52,0.00,-6.06,1.54
333.993,18.67,0.00,-5.75,1.28
334.024,22.87,0.00,-5.94,1.54
334.038,23.97,0.00,-6.06,1.33
334.054,24.15,0.00,-6.25,1.54
334.068,22.32,0.00,-6.13,1.33
334.082,20.04,0.00,-6.00,1.33
334.097,18.79,0.00,-5.50,1.33
334.111,19.91,0.00,-5.25,1.44
334.127,19.36,0.00,-4.94,1.49
334.141,18.31,0.00,-4.63,1.33
334.172,14.88,0.00,-3.81,1.38
334.185,12.28,0.00,-3.00,1.33
334.199,11.72,0.00,-2.63,1.33
334.216,8.67,0.00,-1.75,1.54
334.230,5.75,0.00,-1.19,1.33
334.244,1.09,0.00,0.12,1.33
334.258,-1.17,0.00,0.81,1.38
334.274,-5.84,0.00,2.25,1.49
334.288,-6.72,0.00,2.94,1.38
334.304,-7.29,0.00,4.06,1.49
334.318,-5.19,0.00,4.38,1.44
334.332,-3.82,0.00,4.50,1.33
334.346,-5.81,0.00,4.94,1.33
334.360,-4.50,0.00,5.00,1.33
334.390,-2.33,0.00,4.75,1.28
334.407,-3.83,0.00,4.75,1.60
334.421,-4.59,0.00,4.75,1.38
334.465,-6.97,0.00,5.38,1.54
334.479,-7.13,0.00,5.38,1.38
334.493,-9.20,0.00,5.44,1.33
334.508,-10.19,0.00,5.56,1.49
334.524,-7.39,0.00,5.50,1.44
334.538,-8.22,0.00,5.31,1.33
334.552,-5.52,0.00,5.19,1.38
334.568,-4.27,0.00,4.69,1.49
334.582,-3.27,0.00,4.44,1.28
334.595,-5.08,0.00,4.06,1.33
334.609,-5.21,8.59,3.94,1.33
334.626,-3.91,8.59,3.75,1.54
334.640,0.14,8.59,3.38,1.33
334.656,4.94,8.59,2.44,1.60
334.670,6.20,8.59,2.00,1.28
334.684,10.33,8.59,1.50,1.33
334.698,15.31,8.59,0.12,1.33
334.713,13.69,8.59,-0.63,1.38
334.728,20.33,8.59,-1.75,1.49
334.742,20.06,8.59,-2.56,1.28
334.758,21.56,8.59,-3.38,1.49
334.773,20.12,8.59,-3.63,1.38
334.787,13.49,8.59,-3.38,1.33
334.800,13.35,8.59,-3.13,1.28
334.817,18.02,8.59,-3.19,1.60
334.831,15.04,8.59,-2.94,1.28
334.860,11.62,8.59,-1.94,1.38
334.889,12.07,8.59,-1.12,1.33
334.905,10.22,8.59,-0.50,1.44
334.920,9.49,8.59,-0.12,1.38
334.933,6.35,8.59,0.37,1.28
334.947,-1.58,8.59,1.88,1.33
334.961,-5.32,8.59,2.81,1.28
334.978,-10.76,8.59,4.75,1.60
334.992,-11.08,8.59,5.63,1.33
335.008,-13.86,8.59,7.25,1.60
335.022,-11.56,8.59,7.81,1.33
335.036,-17.89,8.59,9.06,1.33
335.050,-16.22,8.59,9.56,1.38
335.066,-11.16,8.59,9.88,1.54
335.081,-11.37,8.59,9.94,1.38
335.094,-10.34,8.59,10.00,1.28
335.110,-12.09,8.59,10.13,1.49
335.125,-14.54,8.59,10.31,1.49
335.139,-15.57,8.59,10.69,1.33335.154,-10.05,8.59,10.63,1.49
335.197,-14.22,8.59,10.63,1.38
335.211,-13.83,8.59,10.63,1.33
335.228,-12.29,8.59,10.50,1.60
335.242,-12.18,8.59,10.44,1.33
335.259,-11.81,8.59,10.19,1.54
335.273,-12.52,8.59,10.13,1.33
335.287,-14.70,8.59,10.19,1.38
335.301,-16.31,8.59,10.31,1.33
335.317,-16.88,8.59,10.56,1.54
335.332,-14.35,8.59,10.50,1.38
335.345,-14.49,8.59,10.38,1.28
335.360,-15.27,8.59,10.38,1.44
335.376,-15.63,8.59,10.38,1.54
335.390,-15.39,8.59,10.38,1.33
335.405,-13.28,8.59,10.13,1.44
335.420,-12.23,8.59,9.94,1.44
335.434,-12.12,8.59,9.75,1.28
335.448,-13.35,8.59,9.56,1.33
335.462,-14.25,8.59,9.50,1.33
335.493,-15.78,8.59,9.63,1.33
335.523,-11.11,8.59,9.13,1.28
335.537,-10.71,8.59,8.75,1.33
335.551,-8.90,8.59,8.50,1.33
335.566,-6.52,8.59,7.94,1.49
335.581,-4.39,8.59,7.56,1.44
335.595,-0.20,8.59,7.06,1.28
335.610,2.02,8.59,5.94,1.44
335.625,3.47,8.59,5.44,1.38
335.639,0.85,8.59,4.81,1.33
335.653,-1.76,8.59,4.75,1.28
335.669,-1.12,8.59,4.63,1.54
335.683,1.61,8.59,4.44,1.28
335.697,-1.02,8.59,4.31,1.33
335.711,-2.40,8.59,4.44,1.33
335.727,-1.46,8.59,4.63,1.49
335.741,-0.21,8.59,4.63,1.33
335.756,1.49,8.59,4.44,1.44
335.771,2.63,8.59,4.31,1.38
335.785,2.73,8.59,4.25,1.28
335.799,0.33,8.59,4.31,1.33
335.812,-1.07,8.59,4.44,1.28
335.829,-3.67,8.59,4.94,1.60
335.843,-4.42,8.59,5.19,1.28
335.860,-1.75,8.59,5.44,1.60
335.873,-1.62,8.59,5.50,1.33
335.887,-5.15,8.59,5.94,1.28
335.901,-4.73,8.59,6.13,1.33
335.917,-5.15,8.59,6.50,1.49
335.932,-5.50,8.59,6.69,1.44
335.946,-6.62,8.59,6.88,1.28
335.961,-8.83,8.59,7.38,1.49
335.976,-11.02,8.59,7.75,1.44
335.990,-17.68,8.59,8.81,1.28
336.004,-20.92,8.59,9.56,1.38
336.020,-25.34,8.59,11.06,1.60
336.034,-23.67,8.59,11.56,1.33
336.048,-20.97,8.59,12.19,1.33
336.062,-22.31,8.59,12.44,1.44
336.079,-18.93,8.59,12.56,1.60
336.109,-11.99,8.59,11.63,1.60
336.123,-10.17,8.59,11.19,1.33
336.137,-7.76,8.59,10.75,1.33
336.151,-5.85,8.59,9.75,1.33
336.166,-5.20,8.59,9.31,1.38
336.195,-0.89,8.59,8.13,1.33
336.211,-1.11,8.59,7.19,1.49
336.226,-2.43,8.59,6.94,1.44
336.240,0.94,8.59,6.25,1.33
336.253,0.86,8.59,6.00,1.28
336.270,3.30,8.59,5.38,1.60
336.298,7.33,8.59,4.38,1.28
336.312,5.90,8.59,4.13,1.38
336.328,1.56,8.59,4.06,1.54
336.358,1.09,8.59,4.50,1.44
336.400,-0.27,8.59,4.88,1.28
336.414,-0.55,8.59,5.06,1.33
336.431,-1.94,8.59,5.50,1.60
336.444,-1.35,8.59,5.63,1.33
336.461,-1.91,8.59,6.00,1.54
336.475,-3.10,8.59,6.19,1.28
336.488,-7.84,8.59,6.94,1.33
336.503,-10.82,8.59,7.44,1.38
336.518,-17.54,8.59,8.81,1.44
336.533,-20.81,8.59,9.63,1.44
336.547,-20.81,8.59,10.38,1.33
336.578,-24.76,8.59,12.25,1.49
336.606,-21.09,8.59,13.44,1.38
336.622,-21.06,8.59,13.63,1.49
336.636,-18.28,8.59,13.44,1.33
336.650,-16.07,8.59,13.00,1.33
336.664,-15.23,8.59,12.69,1.33
336.681,-15.63,8.59,12.31,1.60
336.695,-14.93,8.59,12.06,1.33
336.725,-6.20,8.59,10.63,1.33
336.739,-6.16,8.59,9.63,1.33
336.753,-2.65,8.59,9.06,1.33
336.769,0.37,8.59,7.81,1.44
336.783,-1.30,8.59,7.44,1.44
336.797,0.56,8.59,7.00,1.28
336.813,0.34,8.59,6.31,1.44
336.827,-0.34,8.59,6.13,1.38
336.841,-6.89,8.59,6.31,1.28
336.855,-6.60,8.59,6.50,1.28
336.872,-9.10,8.59,7.00,1.54
336.885,-9.91,8.59,7.31,1.28
336.899,-10.90,8.59,7.81,1.28
336.914,-11.45,8.59,8.06,1.38
336.930,-14.67,8.59,8.44,1.54
336.943,-13.61,8.59,9.06,1.28
336.959,-14.59,8.59,9.44,1.49
336.974,-15.56,8.59,9.69,1.38
336.988,-13.53,8.59,9.81,1.28
337.002,-13.30,8.59,9.88,1.33
337.016,-15.79,8.59,10.06,1.33
337.032,-20.05,8.59,10.69,1.54
337.063,-21.60,8.59,11.63,1.54
337.091,-23.49,8.59,12.38,1.33
337.105,-21.34,8.59,12.44,1.33
337.121,-21.14,8.59,12.44,1.60
337.135,-19.00,8.59,12.31,1.28
337.149,-14.57,8.59,11.69,1.33
337.164,-12.50,8.59,11.31,1.38
337.180,-12.72,8.59,10.94,1.49
337.209,-10.10,8.59,9.56,1.49
337.224,-8.37,8.59,9.19,1.38
337.238,-3.38,8.59,8.63,1.28
337.252,-3.55,8.59,7.69,1.33
337.265,-0.68,8.59,7.19,1.28
337.282,2.82,8.59,6.06,1.60
337.296,3.83,8.59,5.56,1.28
337.313,6.26,8.59,4.44,1.54
337.340,5.47,8.59,3.63,1.28
337.369,2.77,8.59,3.19,1.44
337.398,-1.74,8.59,3.75,1.22
337.414,-0.17,8.59,4.25,1.49
337.429,-1.05,8.59,4.44,1.38
337.442,-5.56,8.59,5.19,1.28
337.456,-6.35,8.59,5.56,1.28
337.473,-8.10,8.59,6.31,1.60
337.487,-9.48,8.59,6.75,1.28
337.500,-11.26,8.59,7.56,1.28
337.515,-11.41,8.59,7.94,1.38
337.531,-17.02,8.59,9.00,1.49
337.545,-18.51,8.59,9.56,1.28
337.560,-24.19,8.59,10.88,1.44
337.575,-23.06,8.59,11.44,1.44
337.589,-19.95,8.59,11.69,1.28
337.603,-20.73,8.59,12.13,1.33
337.617,-22.08,8.59,12.38,1.33
337.634,-16.70,8.59,12.31,1.60
337.648,-17.11,8.59,12.25,1.33
337.664,-14.89,8.59,11.94,1.54
337.678,-12.73,8.59,11.63,1.38
337.692,-12.64,8.59,11.06,1.28
337.706,-13.12,8.59,10.88,1.33
337.723,-14.01,8.59,10.63,1.54
337.737,-13.55,8.59,10.50,1.33
337.751,-11.37,8.59,10.13,1.28
337.765,-9.10,8.59,9.81,1.38
337.781,-8.67,8.59,9.50,1.49
337.795,-7.28,8.59,8.88,1.28
337.810,-5.74,8.59,8.56,1.38
337.825,-4.12,8.59,7.88,1.44
337.852,-0.93,8.59,6.75,1.28
337.867,-2.02,8.59,6.56,1.28
337.883,-3.57,8.59,6.31,1.54
337.897,-4.36,8.59,6.31,1.28
337.913,-10.55,8.59,6.88,1.54
337.927,-6.89,8.59,6.94,1.28
337.941,-7.65,8.59,6.94,1.28
337.955,-10.46,8.59,7.38,1.33
337.969,-12.16,8.59,7.69,1.33
337.985,-13.33,8.59,8.31,1.49
337.999,-13.95,8.59,8.56,1.28
338.015,-14.32,8.59,9.06,1.54
338.029,-12.94,8.59,9.19,1.33
338.043,-14.88,8.59,9.50,1.28
338.057,-16.93,8.59,9.81,1.28
338.074,-20.63,8.59,10.50,1.60
338.087,-23.79,8.59,11.00,1.28
338.101,-23.87,8.59,11.81,1.28
338.116,-24.62,8.59,12.13,1.44
338.132,-22.48,8.59,12.38,1.49
338.161,-21.41,8.59,12.56,1.49
338.190,-17.79,8.59,12.19,1.28
338.204,-14.13,8.59,11.50,1.33
338.218,-14.63,8.59,11.25,1.33
338.235,-14.41,8.59,10.69,1.54
338.249,-14.67,8.59,10.50,1.33
338.265,-12.50,8.59,10.00,1.49
338.279,-7.82,8.59,9.50,1.33
338.293,-5.72,8.59,8.50,1.33
338.307,-2.78,8.59,7.94,1.33
338.324,1.62,8.59,6.75,1.54
338.338,2.31,8.59,6.13,1.33
338.367,1.08,8.59,5.06,1.38
338.382,2.36,8.59,4.75,1.44
338.396,-3.98,8.59,4.88,1.33
338.410,-4.40,8.59,4.88,1.33
338.426,-6.87,8.59,5.31,1.49
338.468,-9.99,8.59,6.69,1.33
338.498,-13.71,8.59,7.69,1.28
338.528,-12.81,8.59,8.31,1.28
338.542,-14.51,8.59,8.56,1.33
338.556,-10.94,8.59,8.75,1.33
338.570,-14.14,8.59,8.88,1.33
338.586,-16.91,8.59,9.38,1.54
338.600,-20.51,8.59,9.75,1.28
338.616,-24.22,8.59,10.75,1.54
338.631,-22.79,8.59,11.13,1.38
338.644,-23.07,8.59,11.63,1.28
338.675,-17.93,8.59,11.88,1.60
338.703,-16.06,8.59,11.50,1.28
338.718,-13.38,8.59,11.19,1.38
338.734,-12.33,8.59,10.50,1.44
338.763,-10.32,8.59,9.56,1.44
338.778,-9.78,8.59,9.25,1.38
338.792,-7.79,8.59,8.88,1.28
338.806,-6.09,8.59,8.19,1.33
338.820,-3.19,8.59,7.69,1.22
338.850,-3.25,8.59,6.69,1.28
338.867,-1.64,8.59,6.13,1.49
338.881,0.08,8.59,5.81,1.28
338.894,-1.19,8.59,5.44,1.22
338.908,1.10,8.59,5.19,1.28
338.924,-1.09,8.59,4.94,1.44
338.939,-2.50,8.59,5.00,1.38
338.953,-3.45,8.59,5.06,1.28
338.968,-8.59,8.59,5.56,1.38
338.983,-4.20,8.59,5.81,1.38
338.997,-5.36,8.59,6.00,1.33
339.011,-8.04,8.59,6.25,1.28
339.027,-9.18,8.59,6.75,1.54
339.041,-8.96,8.59,7.00,1.28
339.054,-10.67,8.59,7.44,1.28
339.069,-10.94,8.59,7.69,1.33
339.099,-11.82,8.59,8.25,1.28
339.143,-20.69,8.59,9.88,1.28
339.157,-23.21,8.59,10.94,1.28
339.171,-20.22,8.59,11.19,1.33
339.188,-20.83,8.59,11.63,1.54
339.201,-17.75,8.59,11.88,1.33
339.218,-15.28,8.59,11.63,1.54
339.232,-15.97,8.59,11.50,1.38
339.246,-11.33,8.59,11.00,1.28
339.260,-4.49,8.59,10.31,1.28
339.277,-4.42,8.59,9.25,1.54
339.290,-2.97,8.59,8.69,1.28
339.304,-6.38,8.59,8.00,1.28
339.319,-4.97,8.59,7.75,1.33
339.334,-5.57,8.59,7.44,1.44
339.348,-6.73,8.59,7.25,1.28
339.363,-8.01,8.59,7.31,1.44
339.379,-9.05,8.59,7.44,1.44
339.392,-7.80,8.59,7.44,1.28
339.406,-7.45,8.59,7.44,1.28
339.420,-6.72,8.59,7.38,1.28
339.436,-5.55,8.59,7.25,1.54
339.450,-6.34,8.59,7.25,1.28
339.467,-9.18,8.59,7.44,1.54
339.539,-13.43,8.59,8.94,1.44
339.553,-13.00,8.59,9.25,1.33
339.569,-12.83,8.59,9.38,1.49339.583,-14.32,8.59,9.50,1.38
339.597,-12.71,8.59,9.56,1.33
339.611,-12.30,-5.73,9.50,1.28
339.628,-15.23,-5.73,9.56,1.54
339.642,-17.93,-5.73,9.75,1.33
339.655,-23.00,-5.73,10.31,1.28
339.670,-25.78,-5.73,10.69,1.38
339.686,-26.42,-5.73,11.31,1.54
339.700,-26.07,-5.73,11.50,1.33
339.716,-21.66,-5.73,11.25,1.49
339.731,-20.50,-5.73,11.00,1.44
339.744,-18.06,-5.73,10.63,1.28
339.758,-10.30,-5.73,9.31,1.33
339.772,-6.77,-5.73,8.38,1.33
339.789,1.54,-5.73,6.25,1.54
339.802,4.73,-5.73,5.06,1.22
339.819,13.08,-5.73,2.50,1.54
339.833,11.86,-5.73,1.44,1.28
339.846,11.55,-5.73,-0.06,1.28
339.861,12.90,-5.73,-0.88,1.33
339.876,12.64,-5.73,-2.13,1.54
339.891,12.47,-5.73,-2.63,1.33
339.905,12.49,-5.73,-2.81,1.33
339.920,16.35,-5.73,-3.88,1.44
339.935,17.71,-5.73,-4.38,1.44
339.949,21.75,-5.73,-5.50,1.28
339.964,25.00,-5.73,-6.13,1.38
339.980,29.44,-5.73,-7.56,1.49
339.994,27.93,-5.73,-8.06,1.28
340.007,27.29,-5.73,-8.81,1.33
340.021,27.28,-5.73,-9.06,1.33
340.038,31.36,-5.73,-9.75,1.49
340.052,31.97,-5.73,-10.06,1.38
340.068,30.66,-5.73,-10.44,1.54
340.082,31.64,-5.73,-10.56,1.33
340.096,29.51,-5.73,-10.63,1.33
340.110,31.51,-5.73,-10.63,1.33
340.125,32.97,-5.73,-10.69,1.44
340.141,33.57,-5.73,-10.88,1.44
340.155,29.78,-5.73,-10.81,1.28
340.170,27.90,-5.73,-10.31,1.49
340.185,27.94,-5.73,-10.06,1.38
340.199,23.26,-5.73,-9.25,1.33
340.213,23.70,-5.73,-8.88,1.33
340.229,22.19,-5.73,-8.06,1.54
340.272,12.81,-5.73,-5.69,1.38
340.288,10.36,-5.73,-4.38,1.49
340.302,9.65,-5.73,-3.81,1.28
340.318,8.20,-5.73,-2.88,1.49
340.332,6.24,-5.73,-2.31,1.33
340.346,6.07,-5.73,-1.81,1.28
340.360,0.70,-5.73,-0.69,1.28
340.373,-0.11,-5.73,-0.12,1.33
340.390,-1.28,-5.73,0.88,1.54
340.404,-3.26,-5.73,1.31,1.28
340.420,-6.50,-5.73,2.25,1.54
340.434,-5.27,-5.73,2.56,1.33
340.448,-2.36,-5.73,2.75,1.28
340.462,-4.64,-5.73,2.88,1.33
340.478,-2.01,-5.73,3.00,1.54
340.492,-1.69,-5.73,2.88,1.33
340.506,-3.06,-5.73,2.81,1.33
340.521,-5.66,-5.73,2.88,1.44
340.537,-8.32,-5.73,3.06,1.44
340.550,-10.52,-5.73,3.50,1.33
340.565,-8.88,-5.73,3.63,1.38
340.580,-9.42,-5.73,3.75,1.49
340.594,-10.43,-5.73,3.81,1.33
340.608,-4.59,-5.73,3.38,1.33
340.622,-4.75,-5.73,3.13,1.33
340.638,-2.39,-5.73,2.50,1.54
340.652,0.83,-5.73,2.00,1.33
340.668,5.96,-5.73,0.63,1.44
340.682,6.75,-5.73,0.00,1.38
340.696,8.34,-5.73,-0.69,1.33
340.710,11.29,-5.73,-1.94,1.33
340.724,8.36,-5.73,-2.38,1.28
340.741,18.71,-5.73,-3.75,1.60
340.754,17.11,-5.73,-4.38,1.33
340.771,18.86,-5.73,-5.56,1.60
340.785,21.99,-5.73,-6.25,1.33
340.799,29.94,-5.73,-7.94,1.33
340.813,31.61,-5.73,-8.75,1.33
340.829,36.60,-5.73,-10.31,1.60
340.844,40.43,-5.73,-11.25,1.33
340.857,41.05,-5.73,-12.75,1.33
340.872,37.90,-5.73,-13.19,1.44
340.888,30.77,-5.73,-13.19,1.54
340.902,31.35,-5.73,-13.00,1.28
340.918,26.83,-5.73,-12.63,1.54
340.933,24.51,-5.73,-12.19,1.44
340.947,20.03,-5.73,-11.50,1.28
340.961,14.94,-5.73,-9.94,1.38
340.974,13.01,-5.73,-9.13,1.28
340.991,13.75,-5.73,-7.88,1.60
341.005,14.55,-5.73,-7.44,1.28
341.021,12.48,-5.73,-6.63,1.54
341.035,12.87,-5.73,-6.25,1.28
341.049,13.90,-5.73,-5.75,1.33
341.063,11.94,-5.73,-5.44,1.28
341.079,9.66,-5.73,-4.69,1.49
341.093,10.31,-5.73,-4.44,1.38
341.107,10.39,-5.73,-4.25,1.33
341.123,7.40,-5.73,-3.69,1.44
341.152,7.07,-5.73,-3.00,1.28
341.166,7.40,-5.73,-2.88,1.33
341.182,5.74,-5.73,-2.50,1.49
341.195,5.43,-5.73,-2.31,1.28
341.209,2.41,-5.73,-1.88,1.28
341.224,0.55,-5.73,-1.56,1.38
341.240,-4.30,-5.73,-0.69,1.49
341.254,-4.46,-5.73,-0.31,1.33
341.269,-1.17,-5.73,0.06,1.49
341.284,0.29,-5.73,0.06,1.38
341.298,-1.51,-5.73,0.12,1.28
341.342,8.24,-5.73,-1.31,1.49
341.356,10.96,-5.73,-1.81,1.28
341.372,15.00,-5.73,-3.00,1.54
341.386,16.54,-5.73,-3.63,1.38
341.400,17.16,-5.73,-4.63,1.28
341.414,14.01,-5.73,-4.88,1.33
341.459,20.61,-5.73,-6.75,1.28
341.474,20.86,-5.73,-7.06,1.49
341.489,21.86,-5.73,-7.44,1.44
341.503,24.82,-5.73,-8.13,1.33
341.518,32.39,-5.73,-9.38,1.44
341.534,33.98,-5.73,-10.00,1.44
341.561,33.13,-5.73,-11.13,1.33
341.592,27.34,-5.73,-11.31,1.65
341.606,28.00,-5.73,-11.19,1.33
341.622,28.15,-5.73,-11.13,1.54
341.636,27.26,-5.73,-10.94,1.33
341.650,22.22,-5.73,-10.25,1.33
341.680,20.86,-5.73,-9.06,1.49
341.695,20.84,-5.73,-8.75,1.33
341.709,17.54,-5.73,-8.38,1.28
341.724,13.50,-5.73,-7.31,1.44
341.739,11.29,-5.73,-6.75,1.44
341.767,4.43,-5.73,-4.50,1.33
341.797,1.21,-5.73,-2.63,1.33
341.811,4.65,-5.73,-1.94,1.28
341.825,4.23,-5.73,-1.69,1.38
341.841,6.03,-5.73,-1.50,1.49
341.855,8.21,-5.73,-1.56,1.33
341.885,11.06,-5.73,-2.19,1.33
341.899,11.38,-5.73,-2.44,1.28
341.913,11.27,-5.73,-2.81,1.33
341.927,10.72,-5.73,-2.94,1.33
341.943,8.43,-5.73,-3.00,1.54
341.957,8.32,-5.73,-3.00,1.28
341.973,14.33,-5.73,-3.50,1.60
341.988,14.57,-5.73,-3.81,1.33
342.001,14.95,-5.73,-4.25,1.28
342.046,20.29,-5.73,-5.75,1.28
342.060,24.46,-5.73,-6.63,1.33
342.075,24.09,-5.73,-7.00,1.44
342.090,18.51,-5.73,-7.19,1.44
342.104,17.63,-5.73,-7.13,1.33
342.119,18.60,-5.73,-7.00,1.38
342.134,18.25,-5.73,-7.00,1.49
342.148,17.33,-5.73,-6.94,1.28
342.193,17.00,-5.73,-6.56,1.60
342.206,16.69,-5.73,-6.44,1.28
342.223,16.84,-5.73,-6.38,1.60
342.237,15.89,-5.73,-6.25,1.28
342.251,11.42,-5.73,-6.00,1.33
342.265,8.72,-5.73,-5.25,1.28
342.280,5.46,-5.73,-4.81,1.44
342.295,2.18,-5.73,-3.69,1.49
342.309,3.47,-5.73,-3.19,1.33
342.325,2.63,-5.73,-2.50,1.49
342.339,2.45,-5.73,-2.25,1.44
342.353,5.02,-5.73,-1.94,1.28
342.367,8.95,-5.73,-2.19,1.33
342.384,9.11,-5.73,-2.63,1.60
342.397,10.07,-5.73,-2.81,1.33
342.426,13.07,-5.73,-3.63,1.44
342.455,13.71,-5.73,-4.31,1.28
342.486,16.64,-5.73,-4.94,1.44
342.500,18.23,-5.73,-5.31,1.33
342.514,19.27,-5.73,-6.00,1.38
342.528,21.24,-5.73,-6.38,1.33
342.544,25.78,-5.73,-7.31,1.54
342.558,27.19,-5.73,-7.88,1.33
342.574,28.89,-5.73,-8.75,1.60
342.589,29.80,-5.73,-9.19,1.33
342.602,29.54,-5.73,-9.88,1.33
342.617,26.28,-5.73,-9.94,1.38
342.633,23.46,-5.73,-9.75,1.49
342.647,23.60,-5.73,-9.63,1.44
342.661,22.54,-5.73,-9.38,1.33
342.676,21.48,-5.73,-9.13,1.49
342.691,19.90,-5.73,-8.88,1.49
342.720,17.84,-5.73,-7.94,1.38
342.736,16.97,-5.73,-7.38,1.44
342.749,16.11,-5.73,-7.06,1.33
342.763,9.55,-5.73,-6.06,1.28
342.777,8.00,-5.73,-5.50,1.33
342.794,3.69,-5.73,-4.25,1.60
342.807,1.97,-5.73,-3.63,1.28
342.824,0.97,-5.73,-2.44,1.60
342.838,-0.42,-5.73,-2.00,1.33
342.852,1.55,-5.73,-1.69,1.33
342.866,3.49,-5.73,-1.31,1.33
342.880,8.75,-5.73,-1.56,1.38
342.896,11.59,-5.73,-2.13,1.49
342.926,15.54,-5.73,-3.38,1.54
342.940,16.66,-5.73,-3.81,1.38
342.954,18.10,-5.73,-4.69,1.28
342.968,10.75,-5.73,-4.63,1.33
342.985,19.67,-5.73,-5.19,1.60
342.998,17.81,-5.73,-5.44,1.28
343.012,13.25,-5.73,-5.50,1.33
343.027,15.13,-5.73,-5.56,1.44
343.043,18.91,-5.73,-5.75,1.49
343.057,20.89,-5.73,-6.38,1.33
343.072,24.11,-5.73,-7.13,1.49
343.087,25.23,-5.73,-7.50,1.33
343.101,25.96,-5.73,-7.88,1.33
343.128,17.11,-5.73,-8.06,1.33
343.145,20.04,-5.73,-7.81,1.60
343.159,22.64,-5.73,-7.94,1.33
343.176,19.64,-5.73,-7.81,1.54
343.189,18.41,-5.73,-7.69,1.33
343.203,18.25,-5.73,-7.38,1.38
343.218,18.60,-5.73,-7.25,1.33
343.233,19.96,-5.73,-7.19,1.54
343.248,20.39,-5.73,-7.19,1.38
343.262,17.81,-5.73,-7.19,1.28
343.277,14.80,-5.73,-6.69,1.44
343.307,8.74,-5.73,-5.44,1.33
343.321,8.25,-5.73,-5.00,1.38
343.337,4.68,-5.73,-4.06,1.49
343.351,6.12,-5.73,-3.75,1.33
343.364,8.78,-5.73,-3.44,1.33
343.378,9.04,-5.73,-3.38,1.38
343.395,14.61,-5.73,-3.69,1.54
343.409,15.17,-5.73,-3.94,1.33
343.425,17.60,-5.73,-4.56,1.60
343.439,18.86,-5.73,-4.94,1.28
343.453,18.32,-5.73,-5.25,1.33
343.467,15.95,-5.73,-5.63,1.33
343.481,15.56,-5.73,-5.44,1.38
343.497,19.10,-5.73,-5.75,1.54
343.511,18.28,-5.73,-5.94,1.33
343.527,19.63,-5.73,-6.25,1.54
343.541,20.18,-5.73,-6.44,1.38
343.555,22.34,-5.73,-6.94,1.33
343.569,23.28,-5.73,-7.19,1.38
343.599,29.51,-5.73,-8.44,1.33
343.628,25.49,-5.73,-8.88,1.44
343.658,17.75,-5.73,-8.25,1.33
343.673,20.86,-5.73,-7.94,1.49
343.688,19.89,-5.73,-7.75,1.44
343.716,15.77,-5.73,-6.88,1.28
343.730,15.74,-5.73,-6.63,1.38
343.746,15.05,-5.73,-6.06,1.60
343.760,14.93,-5.73,-5.88,1.28
343.777,13.87,-5.73,-5.44,1.60
343.791,11.98,-5.73,-5.19,1.28
343.804,9.01,-5.73,-4.50,1.33
343.818,6.05,-5.73,-4.06,1.33
343.834,5.94,-5.73,-3.25,1.49
343.849,6.40,-5.73,-3.00,1.44
343.863,6.53,-5.73,-2.75,1.33
343.893,7.58,-5.73,-2.38,1.38
343.907,9.07,-5.73,-2.50,1.38343.920,9.70,-5.73,-2.63,1.33
343.937,12.49,-5.73,-3.00,1.54
343.951,12.76,-5.73,-3.25,1.33
343.965,12.22,-5.73,-3.63,1.33
343.979,11.50,-5.73,-3.69,1.38
343.995,10.62,-5.73,-3.81,1.49
344.009,10.66,-5.73,-3.88,1.38
344.025,15.46,-5.73,-4.31,1.54
344.040,17.77,-5.73,-4.69,1.38
344.053,17.90,-5.73,-5.00,1.33
344.067,21.10,-5.73,-5.81,1.33
344.112,27.81,-5.73,-7.88,1.33344.128,30.83,-5.73,-9.00,1.54
344.142,29.64,-5.73,-9.31,1.33
344.156,22.28,-5.73,-9.25,1.33
344.170,23.59,-5.73,-9.19,1.33
344.186,21.97,-5.73,-8.94,1.54
344.200,19.45,-5.73,-8.69,1.44
344.214,19.59,-5.73,-8.44,1.33
344.229,18.33,-5.73,-7.94,1.49
344.244,17.00,-5.73,-7.69,1.44
344.259,16.67,-5.73,-7.13,1.33
344.273,17.19,-5.73,-6.88,1.38
344.347,5.89,-5.73,-4.13,1.54
344.361,6.27,-5.73,-3.75,1.33
344.377,6.17,-5.73,-3.19,1.54
344.391,7.03,-5.73,-3.00,1.38
344.405,8.50,-5.73,-2.94,1.28
344.419,12.86,-5.73,-3.25,1.38
344.433,13.80,-5.73,-3.50,1.33
344.463,17.82,-5.73,-4.38,1.33
344.493,19.17,-5.73,-5.38,1.38
344.507,16.33,-5.73,-5.69,1.33
344.521,15.83,-5.73,-5.69,1.33
344.538,22.70,-5.73,-6.38,1.60
344.552,21.34,-5.73,-6.63,1.33
344.565,23.53,-5.73,-7.13,1.33
344.580,26.11,-5.73,-7.50,1.44
344.596,24.54,-5.73,-7.81,1.54
344.610,27.40,-5.73,-8.31,1.33
344.640,32.40,8.59,-9.44,1.49
344.654,32.96,8.59,-9.69,1.33
344.668,31.06,8.59,-9.88,1.28
344.682,29.70,8.59,-9.75,1.33
344.699,27.29,8.59,-9.19,1.65
344.713,28.66,8.59,-9.00,1.28
344.729,26.23,8.59,-8.44,1.60
344.743,23.51,8.59,-7.94,1.33
344.757,20.97,8.59,-6.88,1.28
344.771,20.34,8.59,-6.38,1.33
344.786,17.36,8.59,-5.25,1.44
344.801,15.16,8.59,-4.56,1.44
344.815,11.46,8.59,-3.75,1.28
344.845,2.66,8.59,-1.12,1.38
344.873,-2.15,8.59,1.81,1.33
344.917,-1.16,8.59,5.19,1.33
344.932,-1.45,8.59,5.44,1.44
344.947,-5.03,8.59,6.25,1.44
344.976,-6.46,8.59,7.06,1.44
344.991,-9.62,8.59,7.50,1.38
345.005,-14.00,8.59,8.13,1.33
345.019,-21.28,8.59,9.63,1.28
345.032,-23.95,8.59,10.50,1.33
345.049,-27.14,8.59,12.06,1.60
345.063,-29.22,8.59,12.75,1.38
345.080,-26.67,8.59,13.63,1.60
345.094,-24.52,8.59,13.81,1.33
345.108,-18.98,8.59,13.56,1.33
345.122,-14.93,8.59,13.13,1.38
345.138,-6.61,8.59,11.81,1.54
345.153,-5.22,8.59,11.06,1.38
345.166,-1.49,8.59,10.25,1.28
345.181,4.07,8.59,8.38,1.44
345.211,-2.42,8.59,7.06,1.28
345.283,1.60,8.59,5.25,1.38
345.299,4.92,8.59,4.56,1.49
345.313,7.34,8.59,4.13,1.33
345.343,6.49,8.59,3.06,1.28
345.357,6.16,8.59,2.94,1.33
345.371,1.50,8.59,3.06,1.33
345.401,5.12,8.59,3.19,1.54
345.415,4.29,8.59,3.25,1.33
345.431,1.04,8.59,3.56,1.54
345.445,1.33,8.59,3.69,1.33
345.459,2.58,8.59,3.88,1.33
345.473,2.97,8.59,3.94,1.33
345.488,3.03,8.59,4.00,1.49
345.503,2.24,8.59,4.13,1.38
345.517,-0.54,8.59,4.25,1.28
345.532,-3.50,8.59,4.94,1.49
345.547,-5.82,8.59,5.38,1.44
345.561,-10.70,8.59,6.50,1.33
345.575,-10.90,8.59,7.00,1.33
345.591,-9.81,8.59,7.81,1.54
345.619,-17.92,8.59,9.44,1.33
345.663,-18.71,8.59,10.75,1.33
345.680,-16.78,8.59,11.19,1.54
345.694,-18.52,8.59,11.38,1.38
345.708,-21.10,8.59,11.63,1.28
345.722,-24.81,8.59,12.38,1.38
345.737,-21.38,8.59,12.69,1.44
345.753,-21.41,8.59,12.81,1.49
345.766,-21.67,8.59,12.94,1.33
345.811,-19.91,8.59,12.69,1.33
345.825,-18.21,8.59,12.50,1.33
345.841,-16.09,8.59,11.88,1.54
345.855,-16.41,8.59,11.63,1.28
345.900,-16.60,8.59,10.81,1.54
345.914,-12.50,8.59,10.44,1.33
345.930,-8.82,8.59,9.50,1.54
345.944,-8.19,8.59,9.06,1.28
345.958,-6.26,8.59,8.56,1.28
345.972,-0.34,8.59,7.25,1.33
345.986,1.50,8.59,6.50,1.33
346.003,2.94,8.59,5.25,1.54
346.016,6.93,8.59,4.50,1.28
346.032,5.94,8.59,3.44,1.44
346.047,4.80,8.59,3.19,1.33
346.074,2.10,8.59,3.06,1.28
346.090,5.69,8.59,2.88,1.54
346.105,5.03,8.59,2.81,1.38
346.118,3.47,8.59,2.75,1.28
346.134,4.43,8.59,2.75,1.44
346.149,6.28,8.59,2.69,1.44
346.163,7.90,8.59,2.50,1.33
346.178,9.22,8.59,2.31,1.38
346.193,10.19,8.59,2.06,1.49
346.207,10.96,8.59,1.88,1.28
346.221,9.00,8.59,1.81,1.33
346.235,5.84,8.59,2.06,1.33
346.265,4.26,8.59,2.88,1.28
346.282,3.23,8.59,3.38,1.60
346.295,1.02,8.59,3.75,1.33
346.309,-1.10,8.59,4.25,1.28
346.338,-5.05,8.59,5.63,1.44
346.368,-8.57,8.59,7.13,1.33
346.383,-14.21,8.59,8.31,1.54
346.398,-17.08,8.59,9.00,1.38
346.412,-23.07,8.59,10.69,1.28
346.426,-25.89,8.59,11.56,1.38
346.443,-27.94,8.59,13.00,1.60
346.456,-26.89,8.59,13.56,1.33
346.470,-25.02,8.59,14.19,1.38
346.485,-22.18,8.59,14.25,1.38
346.515,-16.27,8.59,13.69,1.38
346.531,-11.05,8.59,12.75,1.49
346.545,-9.66,8.59,12.25,1.38
346.559,-7.00,8.59,11.63,1.33
346.573,-4.19,8.59,10.38,1.33
346.587,-1.97,8.59,9.69,1.28
346.603,-4.83,8.59,8.81,1.60
346.617,-3.26,8.59,8.44,1.33
346.634,-4.66,8.59,7.94,1.54
346.675,-6.72,8.59,7.88,1.33346.691,-6.56,8.59,7.81,1.49
346.706,-6.96,8.59,7.81,1.38
346.719,-9.01,8.59,7.88,1.28
346.735,-10.83,8.59,8.19,1.49
346.750,-12.86,8.59,8.50,1.44
346.764,-16.62,8.59,9.19,1.28
346.778,-16.91,8.59,9.63,1.38
346.794,-18.75,8.59,10.31,1.49
346.808,-18.98,8.59,10.63,1.33
346.822,-19.40,8.59,11.13,1.33
346.836,-18.86,8.59,11.25,1.38
346.853,-17.32,8.59,11.38,1.60
346.884,-15.36,8.59,11.06,1.65
346.897,-15.64,8.59,11.00,1.33
346.911,-16.12,8.59,10.81,1.33
346.925,-16.79,8.59,10.81,1.38
346.941,-16.47,8.59,10.81,1.49
346.956,-14.33,8.59,10.63,1.44
346.970,-13.07,8.59,10.44,1.33
346.985,-12.34,8.59,10.00,1.49
347.001,-9.96,8.59,9.75,1.54
347.015,-8.01,8.59,9.06,1.33
347.030,-5.20,8.59,8.69,1.38
347.045,-1.34,8.59,7.69,1.44
347.059,0.36,8.59,7.13,1.33
347.073,4.11,8.59,5.88,1.33
347.087,1.14,8.59,5.56,1.33
347.103,1.49,8.59,5.06,1.54347.117,1.63,8.59,4.88,1.28
347.161,-4.02,8.59,5.06,1.28
347.175,-4.51,8.59,5.44,1.33
347.190,-4.45,8.59,5.56,1.44
347.219,-5.78,8.59,6.06,1.28
347.235,-8.36,8.59,6.56,1.49
347.250,-10.40,8.59,6.94,1.38
347.264,-16.33,8.59,8.00,1.33
347.277,-19.84,8.59,8.69,1.28
347.308,-21.73,8.59,10.63,1.28
347.322,-23.78,8.59,11.56,1.33
347.337,-23.14,8.59,11.88,1.44
347.353,-20.16,8.59,12.19,1.54
347.367,-16.57,8.59,12.00,1.33
347.382,-15.07,8.59,11.56,1.49
347.397,-13.39,8.59,11.31,1.33
347.411,-12.19,8.59,11.00,1.28
347.425,-9.51,8.59,10.25,1.38
347.455,-7.85,8.59,9.31,1.60
347.485,-2.81,8.59,7.88,1.49
347.528,0.17,8.59,6.38,1.33
347.544,0.17,8.59,5.88,1.49
347.558,0.45,8.59,5.63,1.33
347.587,-0.73,8.59,5.38,1.38
347.602,-5.14,8.59,5.44,1.44
347.616,-6.55,8.59,5.94,1.33
347.631,-9.02,8.59,6.25,1.33
347.646,-9.28,8.59,6.88,1.49
347.674,-10.98,8.59,7.63,1.33
347.688,-13.02,8.59,8.00,1.33
347.705,-13.43,8.59,8.69,1.60
347.718,-12.38,8.59,8.88,1.28
347.735,-15.57,8.59,9.44,1.60
347.749,-15.73,8.59,9.69,1.33
347.763,-14.98,8.59,9.88,1.28
347.777,-19.06,8.59,10.38,1.33
347.792,-22.46,8.59,10.81,1.44
347.807,-25.43,8.59,11.81,1.44
347.821,-25.04,8.59,12.25,1.33
347.837,-25.00,8.59,12.88,1.54
347.852,-23.63,8.59,13.00,1.44
347.924,-10.98,8.59,11.06,1.28
347.938,-9.83,8.59,10.56,1.38
347.955,-8.60,8.59,9.63,1.49
347.968,-6.97,8.59,9.19,1.33
347.985,-3.45,8.59,8.13,1.49
348.012,-2.51,8.59,7.31,1.28
348.027,-2.03,8.59,6.56,1.33
348.041,-1.37,8.59,6.31,1.33
348.057,0.14,8.59,5.69,1.49
348.071,0.04,8.59,5.38,1.28
348.087,1.35,8.59,4.94,1.44
348.101,4.12,8.59,4.63,1.33
348.145,-2.82,8.59,4.63,1.49
348.159,-0.90,8.59,4.69,1.33
348.173,-5.39,8.59,4.88,1.28
348.188,-5.29,8.59,5.50,1.38
348.203,-8.48,8.59,5.94,1.44
348.217,-12.68,8.59,6.94,1.28
348.231,-12.33,8.59,7.44,1.33
348.247,-15.49,8.59,8.38,1.49
348.261,-17.01,8.59,8.88,1.28
348.275,-15.54,8.59,9.56,1.28
348.289,-19.89,8.59,10.00,1.33
348.305,-23.62,8.59,11.13,1.49
348.319,-27.33,8.59,11.81,1.33
348.350,-26.87,8.59,13.31,1.33
348.364,-25.73,8.59,13.56,1.28
348.378,-24.10,8.59,13.81,1.33
348.393,-20.61,8.59,13.63,1.44
348.408,-18.38,8.59,13.13,1.44
348.422,-13.34,8.59,12.69,1.33
348.438,-9.33,8.59,11.44,1.49
348.453,-8.32,8.59,10.81,1.33
348.467,-3.98,8.59,9.50,1.33
348.481,-4.74,8.59,8.94,1.28
348.497,-11.52,8.59,8.81,1.49
348.539,-14.85,8.59,8.63,1.38
348.555,-15.86,8.59,8.94,1.49
348.585,-17.10,8.59,9.44,1.49
348.628,-15.72,8.59,9.38,1.33
348.642,-18.20,8.59,9.50,1.38
348.658,-20.13,8.59,9.94,1.49
348.672,-23.37,8.59,10.25,1.33
348.688,-23.01,8.59,10.94,1.49
348.702,-22.62,8.59,11.13,1.44
348.716,-19.79,8.59,11.19,1.33
348.730,-19.13,8.59,11.13,1.33
348.747,-15.45,8.59,10.69,1.60
348.761,-13.84,8.59,10.38,1.33
348.775,-8.76,8.59,9.50,1.28
348.789,-5.93,8.59,8.88,1.38
348.805,-4.32,8.59,8.31,1.49
348.819,-1.04,8.59,7.13,1.33
348.834,-10.82,8.59,6.75,1.38
348.850,-7.33,8.59,6.69,1.44
348.863,-2.86,8.59,6.31,1.28
348.877,-5.46,8.59,6.06,1.28
348.891,-4.59,8.59,5.94,1.33
348.907,-2.92,8.59,5.69,1.54
348.921,-0.25,8.59,5.44,1.28
348.938,1.67,8.59,4.88,1.60
348.951,3.78,8.59,4.50,1.22
348.965,5.57,8.59,4.06,1.22
348.979,2.10,8.59,3.63,1.28
348.994,0.61,8.59,3.69,1.33
349.010,-0.80,8.59,3.88,1.38
349.023,-5.32,8.59,4.13,1.28
349.039,-5.28,8.59,4.88,1.38
349.054,-4.23,8.59,5.06,1.33
349.067,-7.40,8.59,5.69,1.28
349.081,-9.75,8.59,6.13,1.28
349.098,-10.04,8.59,6.88,1.54
349.112,-12.19,8.59,7.31,1.28
349.140,-13.82,8.59,8.56,1.33
349.170,-18.51,8.59,9.63,1.28
349.200,-23.47,8.59,11.00,1.38
349.229,-22.84,8.59,12.25,1.33
349.242,-24.17,8.59,12.50,1.28
349.259,-24.31,8.59,12.94,1.60
349.273,-21.90,8.59,12.94,1.28
349.289,-21.09,8.59,12.81,1.54
349.317,-16.31,8.59,12.25,1.28
349.332,-16.42,8.59,12.00,1.33
349.348,-15.66,8.59,11.50,1.54
349.407,-9.15,8.59,9.88,1.49
349.436,-3.54,8.59,8.38,1.49
349.451,-0.15,8.59,7.69,1.38
349.465,1.68,8.59,7.00,1.28
349.478,2.83,8.59,5.94,1.28
349.509,-0.77,8.59,5.06,1.60
349.523,-2.44,8.59,5.00,1.28
349.539,-5.60,8.59,5.25,1.49
349.553,-6.37,8.59,5.44,1.28
349.567,-8.85,8.59,5.75,1.28
349.581,-9.26,8.59,6.31,1.33
349.596,-10.27,8.59,6.81,1.44
349.611,-11.95,8.59,7.13,1.38
349.625,-5.89,8.59,7.38,1.28
349.641,-1.69,-5.73,6.94,1.49
349.655,-4.51,-5.73,6.75,1.38
349.669,-1.96,-5.73,6.31,1.28
349.683,0.25,-5.73,5.88,1.28
349.727,-5.23,-5.73,4.88,1.28
349.742,-5.96,-5.73,4.88,1.38
349.758,-5.52,-5.73,4.94,1.49
349.771,-5.84,-5.73,4.81,1.28
349.787,-10.62,-5.73,5.13,1.44
9.802,-11.00,-5.73,5.25,1.44
349.815,-10.10,-5.73,5.31,1.28
349.830,-9.57,-5.73,5.31,1.33
349.843,-10.11,-5.73,5.25,1.28
349.860,-5.37,-5.73,4.88,1.54
349.874,-6.55,-5.73,4.63,1.33
349.890,-9.90,-5.73,4.56,1.54
349.904,-9.86,-5.73,4.50,1.28
349.918,-7.03,-5.73,4.25,1.33
349.932,-3.60,-5.73,3.81,1.33
349.948,-2.11,-5.73,3.06,1.49
349.963,-1.34,-5.73,2.63,1.33
349.992,5.52,-5.73,1.00,1.44
350.021,15.78,-5.73,-1.56,1.28
350.035,14.37,-5.73,-2.19,1.28
350.051,20.83,-5.73,-3.81,1.54
350.065,20.39,-5.73,-4.50,1.28
350.078,20.28,-5.73,-5.63,1.28
350.093,19.92,-5.73,-6.06,1.33
350.109,23.93,-5.73,-7.06,1.54
350.139,24.35,-5.73,-8.13,1.49
350.153,26.16,-5.73,-8.50,1.38
350.167,28.88,-5.73,-8.88,1.28
350.181,30.15,-5.73,-9.63,1.33
350.195,32.18,-5.73,-10.00,1.33
350.225,33.70,-5.73,-11.38,1.28
350.256,30.66,-5.73,-11.50,1.33
350.269,23.71,-5.73,-10.81,1.33
350.283,22.88,-5.73,-10.31,1.33
350.300,21.34,-5.73,-9.44,1.60
350.314,18.75,-5.73,-8.88,1.33
350.328,13.62,-5.73,-7.50,1.28
350.343,11.85,-5.73,-6.81,1.44
350.358,17.81,-5.73,-6.50,1.44
350.372,13.79,-5.73,-5.69,1.33
350.388,13.17,-5.73,-5.19,1.44
350.403,13.44,-5.73,-4.50,1.38
350.416,9.62,-5.73,-4.00,1.33
350.430,4.51,-5.73,-2.88,1.28
350.444,3.87,-5.73,-2.31,1.28
350.461,1.16,-5.73,-1.31,1.60
350.491,1.29,-5.73,-0.19,1.60
350.505,2.00,-5.73,0.00,1.33
350.519,2.57,-5.73,0.19,1.28
350.533,2.17,-5.73,0.44,1.33
350.548,4.09,-5.73,0.37,1.44
350.563,2.98,-5.73,0.37,1.49
350.577,0.31,-5.73,0.44,1.28
350.593,-1.73,-5.73,0.75,1.49
350.607,-3.83,-5.73,1.00,1.38
350.621,-6.31,-5.73,1.63,1.33
350.635,-6.13,-5.73,1.88,1.28
350.652,-2.69,-5.73,1.88,1.65
350.665,-4.88,-5.73,1.94,1.28
350.679,-3.21,-5.73,1.88,1.33
350.694,-2.43,-5.73,1.75,1.38
350.710,-0.66,-5.73,1.50,1.49
350.723,1.00,-5.73,0.94,1.33
350.739,2.42,-5.73,0.31,1.44
350.753,2.55,-5.73,0.06,1.44
350.767,2.00,-5.73,-0.19,1.28
350.781,2.59,-5.73,-0.63,1.28
350.795,4.04,-5.73,-0.94,1.33
350.811,11.36,-5.73,-2.06,1.60
350.825,13.87,-5.73,-2.69,1.33
350.842,19.01,-5.73,-4.19,1.60
350.856,22.19,-5.73,-5.00,1.33
350.884,26.90,-5.73,-7.44,1.33
350.914,28.22,-5.73,-9.38,1.49
350.943,24.17,-5.73,-10.06,1.49
350.958,22.86,-5.73,-10.00,1.44
350.972,22.16,-5.73,-9.81,1.33
350.986,23.13,-5.73,-9.75,1.33
351.003,22.05,-5.73,-9.63,1.65
351.030,21.03,-5.73,-9.19,1.33
351.045,21.25,-5.73,-9.06,1.38
351.061,21.73,-5.73,-8.94,1.54
351.074,20.20,-5.73,-8.63,1.28
351.090,14.47,-5.73,-7.88,1.49
351.118,9.94,-5.73,-6.81,1.28
351.132,3.92,-5.73,-5.38,1.33
351.146,1.52,-5.73,-4.63,1.33
351.163,2.45,-5.73,-3.38,1.65
351.177,5.02,-5.73,-3.13,1.33
351.193,5.83,-5.73,-2.69,1.60
351.207,8.69,-5.73,-2.75,1.28
351.221,15.28,-5.73,-3.38,1.33
351.235,15.55,-5.73,-3.75,1.33
351.250,18.56,-5.73,-4.50,1.49
351.265,20.12,-5.73,-4.94,1.44
351.279,21.12,-5.73,-5.38,1.33
351.295,16.77,-5.73,-5.88,1.44
351.324,19.70,-5.73,-6.25,1.38
351.338,16.29,-5.73,-6.19,1.38
351.354,15.73,-5.73,-6.13,1.54
351.381,18.26,-5.73,-6.19,1.33
351.396,19.36,-5.73,-6.31,1.33
351.412,20.51,-5.73,-6.63,1.54
351.426,19.80,-5.73,-6.69,1.33
351.443,18.06,-5.73,-6.69,1.60
351.484,13.09,-5.73,-6.06,1.33
351.499,15.88,-5.73,-5.94,1.44
351.515,15.37,-5.73,-5.81,1.49
351.529,13.97,-5.73,-5.63,1.33
351.545,14.02,-5.73,-5.38,1.54
351.559,14.28,-5.73,-5.31,1.38
351.573,14.95,-5.73,-5.25,1.28
351.587,14.20,-5.73,-5.19,1.33
351.604,10.74,-5.73,-4.81,1.60
351.618,9.07,-5.73,-4.56,1.28
351.631,4.51,-5.73,-3.75,1.33
351.646,1.72,-5.73,-3.19,1.44
351.691,0.07,-5.73,-1.19,1.49
351.706,0.60,-5.73,-1.00,1.38
351.720,2.85,-5.73,-1.00,1.33
351.733,7.29,-5.73,-1.37,1.33
351.747,8.24,-5.73,-1.69,1.28
351.764,10.51,-5.73,-2.31,1.60
351.777,11.77,-5.73,-2.69,1.28
351.794,13.29,-5.73,-3.44,1.65
351.808,13.62,-5.73,-3.81,1.28351.822,10.95,-5.73,-3.88,1.33
351.866,14.81,-5.73,-5.00,1.44
351.880,17.07,-5.73,-5.56,1.33
351.896,16.41,-5.73,-6.06,1.49
351.910,17.55,-5.73,-6.25,1.44
351.924,23.31,-5.73,-7.06,1.33
351.938,24.36,-5.73,-7.50,1.33
351.955,23.94,-5.73,-8.13,1.60
351.969,24.08,-5.73,-8.38,1.28
351.982,23.30,-5.73,-8.69,1.33
351.997,20.83,-5.73,-8.63,1.38
352.013,24.89,-5.73,-8.88,1.54352.027,24.07,-5.73,-8.94,1.33
352.043,22.63,-5.73,-8.94,1.54
352.057,22.74,-5.73,-8.88,1.44
352.071,23.62,-5.73,-8.88,1.28
352.085,25.60,-5.73,-9.06,1.38
352.099,26.98,-5.73,-9.19,1.28
352.115,26.24,-5.73,-9.38,1.60
352.129,25.27,-5.73,-9.31,1.33
352.146,23.44,-5.73,-9.06,1.60
352.160,22.19,-5.73,-8.88,1.33
352.174,18.96,-5.73,-8.25,1.33
352.187,17.70,-5.73,-7.88,1.38
352.203,17.98,-5.73,-7.38,1.49
352.218,17.21,-5.73,-7.13,1.44352.232,13.50,-5.73,-6.38,1.33
352.247,13.07,-5.73,-6.00,1.38
352.262,14.55,-5.73,-5.69,1.49
352.276,11.33,-5.73,-5.06,1.33
352.291,6.21,-5.73,-4.50,1.38
352.307,5.56,-5.73,-3.50,1.44
352.320,3.05,-5.73,-3.00,1.33
352.365,-4.31,-5.73,-0.06,1.60
352.378,-5.86,-5.73,0.37,1.33
352.395,0.58,-5.73,0.63,1.65
352.409,3.80,-5.73,0.31,1.33
352.423,1.30,-5.73,0.25,1.28
352.437,4.77,-5.73,-0.19,1.38
352.452,8.19,-5.73,-1.00,1.44
352.481,7.82,-5.73,-1.75,1.28
352.512,6.83,-5.73,-2.44,1.44
352.526,9.94,-5.73,-3.00,1.33
352.539,13.20,-5.73,-3.44,1.28
352.556,15.14,-5.73,-4.25,1.65
352.570,16.96,-5.73,-4.75,1.28
352.584,23.20,-5.73,-6.00,1.33
352.598,26.68,-5.73,-6.75,1.44
352.628,27.33,-5.73,-8.69,1.33
352.644,33.56,-5.73,-10.00,1.54
352.659,27.29,-5.73,-10.19,1.38
352.672,23.80,-5.73,-10.13,1.33
352.686,25.14,-5.73,-10.00,1.33
352.700,26.60,-5.73,-10.06,1.33
352.717,24.40,-5.73,-10.00,1.65
352.731,23.00,-5.73,-9.81,1.33
352.747,23.57,-5.73,-9.63,1.54
352.761,24.23,-5.73,-9.56,1.38
352.775,24.66,-5.73,-9.44,1.28
352.789,24.83,-5.73,-9.38,1.33
352.805,21.08,-5.73,-9.00,1.54
352.833,15.34,-5.73,-7.81,1.33
352.848,13.30,-5.73,-7.31,1.44
352.863,10.92,-5.73,-6.75,1.49
352.878,5.97,-5.73,-5.44,1.33
352.892,6.56,-5.73,-4.75,1.44
352.921,7.91,-5.73,-3.63,1.28
352.935,10.94,-5.73,-3.44,1.33
352.949,11.19,-5.73,-3.44,1.33
352.966,9.98,-5.73,-3.44,1.54
352.980,9.46,-5.73,-3.38,1.28
352.996,9.14,-5.73,-3.31,1.60
353.010,8.19,-5.73,-3.25,1.33
353.023,7.06,-5.73,-3.13,1.28
353.038,6.94,-5.73,-2.94,1.33
353.052,8.61,-5.73,-2.88,1.38
353.068,8.47,-5.73,-2.94,1.54
353.082,8.82,-5.73,-3.00,1.33
353.098,8.69,-5.73,-3.13,1.54
353.112,9.21,-5.73,-3.19,1.33
353.126,11.78,-5.73,-3.56,1.28
353.140,11.87,-5.73,-3.75,1.38
353.156,11.09,-5.73,-4.00,1.54
353.170,10.53,-5.73,-4.06,1.33
353.184,9.38,-5.73,-4.13,1.33
353.199,9.12,-5.73,-4.13,1.44
353.215,13.18,-5.73,-4.19,1.49
353.229,14.35,-5.73,-4.69,1.33
353.244,15.02,-5.73,-4.94,1.44
353.273,20.44,-5.73,-5.94,1.33
353.300,27.24,-5.73,-7.50,1.33
353.317,26.03,-5.73,-8.50,1.60
353.331,27.06,-5.73,-8.81,1.33
353.348,26.76,-5.73,-9.31,1.60
353.361,22.10,-5.73,-9.19,1.33
353.375,25.93,-5.73,-9.25,1.33
353.389,25.36,-5.73,-9.44,1.38
353.420,24.61,-5.73,-9.38,1.44
353.434,25.04,-5.73,-9.38,1.33
353.449,26.41,-5.73,-9.38,1.54
353.464,27.63,-5.73,-9.50,1.38
353.478,27.35,-5.73,-9.63,1.33
353.492,25.71,-5.73,-9.50,1.33
353.508,23.77,-5.73,-9.25,1.60
353.522,22.54,-5.73,-9.00,1.33
353.536,20.67,-5.73,-8.44,1.33
353.550,20.24,-5.73,-8.19,1.44
353.566,20.13,-5.73,-7.75,1.49
353.580,20.17,-5.73,-7.56,1.38
353.596,18.25,-5.73,-7.06,1.54
353.639,16.93,-5.73,-6.25,1.33
353.653,12.87,-5.73,-5.94,1.33
353.669,10.91,-5.73,-5.06,1.54
353.683,8.16,-5.73,-4.63,1.33
353.699,5.80,-5.73,-3.63,1.54
353.713,7.44,-5.73,-3.31,1.38
353.757,12.89,-5.73,-2.69,1.54
353.772,11.38,-5.73,-2.81,1.38
353.785,13.49,-5.73,-3.06,1.33
353.800,16.28,-5.73,-3.44,1.44
353.816,17.19,-5.73,-3.81,1.49
353.830,17.08,-5.73,-4.38,1.33
353.845,16.58,-5.73,-4.56,1.44
353.860,17.45,-5.73,-4.94,1.49
353.874,15.56,-5.73,-5.00,1.33
353.888,18.21,-5.73,-5.19,1.33
353.932,23.39,-5.73,-6.38,1.33
353.949,26.90,-5.73,-7.25,1.65
353.963,28.64,-5.73,-7.69,1.33
353.976,29.64,-5.73,-8.06,1.28
353.990,30.25,-5.73,-8.88,1.38
354.006,29.42,-5.73,-9.31,1.44
354.021,27.27,-5.73,-9.31,1.49
354.035,23.27,-5.73,-9.19,1.33
354.050,21.54,-5.73,-8.69,1.54
354.065,21.47,-5.73,-8.44,1.44
354.079,20.05,-5.73,-7.94,1.38
354.093,19.26,-5.73,-7.69,1.28
354.137,18.09,-5.73,-6.50,1.33
354.152,16.98,-5.73,-6.25,1.33
354.168,12.62,-5.73,-5.56,1.54
354.182,12.94,-5.73,-5.25,1.33
354.197,7.28,-5.73,-4.31,1.49
354.212,5.39,-5.73,-3.75,1.38
354.226,5.29,-5.73,-3.31,1.33
354.240,7.47,-5.73,-2.81,1.33
354.253,9.63,-5.73,-2.75,1.33
354.284,14.98,-5.73,-3.13,1.33
354.300,17.75,-5.73,-3.69,1.54
354.314,19.69,-5.73,-4.13,1.33
354.328,24.07,-5.73,-5.19,1.28
354.342,24.71,-5.73,-5.69,1.38
354.358,18.62,-5.73,-6.06,1.54
354.373,19.10,-5.73,-6.13,1.33
354.386,17.63,-5.73,-6.19,1.33
354.402,18.60,-5.73,-6.19,1.44
354.417,20.99,-5.73,-6.31,1.49
354.431,19.93,-5.73,-6.50,1.33
354.446,20.68,-5.73,-6.50,1.44
354.461,21.77,-5.73,-6.75,1.49
354.475,23.37,-5.73,-6.88,1.33
354.489,25.92,-5.73,-7.38,1.28
354.503,26.57,-5.73,-7.63,1.33
354.520,26.53,-5.73,-8.00,1.60
354.550,22.90,-5.73,-8.13,1.60
354.564,22.48,-5.73,-8.00,1.33
354.578,24.75,-5.73,-8.06,1.33
354.592,24.54,-5.73,-8.06,1.33
354.607,23.13,-5.73,-7.81,1.49
354.622,23.56,-5.73,-7.81,1.49
354.636,24.38,-5.73,-7.75,1.28
354.652,25.82,8.59,-7.75,1.49
354.666,27.43,8.59,-7.81,1.38
354.680,26.45,8.59,-7.81,1.33
354.694,25.22,8.59,-7.63,1.33
354.711,23.10,8.59,-7.19,1.60
354.725,22.53,8.59,-6.94,1.28
354.738,20.50,8.59,-6.25,1.33
354.753,19.66,8.59,-5.88,1.44
354.783,18.46,8.59,-4.75,1.33
354.799,16.18,8.59,-4.00,1.54
354.813,14.52,8.59,-3.50,1.33
354.827,13.57,8.59,-3.00,1.28
354.841,11.70,8.59,-2.06,1.33
354.855,6.02,8.59,-1.37,1.38
354.872,3.26,8.59,0.19,1.49
354.885,1.70,8.59,0.94,1.33
354.901,-5.65,8.59,2.75,1.54
354.916,-3.98,8.59,3.44,1.33
354.929,-6.87,8.59,4.81,1.33
354.944,-7.85,8.59,5.44,1.38
354.960,-10.29,8.59,6.75,1.54
354.974,-8.30,8.59,7.13,1.38
354.988,-9.70,8.59,7.88,1.28
355.003,-9.82,8.59,8.19,1.44
355.018,-8.31,8.59,8.31,1.38
355.032,-13.25,8.59,8.88,1.33
355.046,-16.59,8.59,9.38,1.38
355.062,-20.55,8.59,10.44,1.49
355.076,-23.54,8.59,11.06,1.33
355.090,-22.60,8.59,12.06,1.28
355.120,-24.88,8.59,12.88,1.60
355.134,-21.20,8.59,12.94,1.33
355.151,-17.08,8.59,12.63,1.60
355.165,-16.49,8.59,12.38,1.33
355.179,-10.91,8.59,12.00,1.33
355.193,-9.89,8.59,10.94,1.28
355.208,-7.79,8.59,10.44,1.44
355.223,-5.20,8.59,9.31,1.49
355.237,-5.99,8.59,8.75,1.28
355.253,-8.39,8.59,8.13,1.49
355.267,-1.26,8.59,7.56,1.33
355.281,-0.65,8.59,6.56,1.28
355.295,0.30,8.59,6.13,1.33
355.311,5.94,8.59,5.00,1.60
355.325,8.53,8.59,4.38,1.28
355.339,7.85,8.59,3.38,1.28
355.354,10.63,8.59,2.81,1.44
355.369,9.89,8.59,2.31,1.38
355.383,10.53,8.59,1.69,1.33
355.398,7.18,8.59,1.50,1.44
355.413,5.14,8.59,1.63,1.44
355.427,4.65,8.59,1.81,1.28
355.441,8.95,8.59,1.75,1.33
355.455,9.33,8.59,1.69,1.33
355.471,8.30,8.59,1.69,1.54
355.485,9.65,8.59,1.63,1.33
355.502,10.60,8.59,1.56,1.60
355.516,12.27,8.59,1.44,1.28
355.529,13.96,8.59,1.31,1.33
355.544,14.47,8.59,1.00,1.33
355.559,13.24,8.59,0.94,1.38
355.574,10.49,8.59,1.12,1.49
355.588,4.13,8.59,1.63,1.33
355.604,4.69,8.59,2.56,1.44
355.618,4.98,8.59,2.88,1.44
355.632,0.78,8.59,3.75,1.28
355.646,-1.48,8.59,4.31,1.33
355.663,-4.77,8.59,5.44,1.60
355.676,-5.39,8.59,6.00,1.28
355.721,-10.83,8.59,7.63,1.49
355.734,-13.16,8.59,8.88,1.33
355.750,-19.70,8.59,10.25,1.44
355.765,-23.79,8.59,11.13,1.49
355.779,-23.64,8.59,11.88,1.28
355.807,-22.37,8.59,13.13,1.33
355.823,-20.65,8.59,13.56,1.60
355.837,-18.09,8.59,13.56,1.33
355.854,-15.60,8.59,13.25,1.60
355.868,-14.71,8.59,13.06,1.33
355.882,-9.77,8.59,12.25,1.33
355.896,-9.60,8.59,11.88,1.33
355.926,-10.53,8.59,10.94,1.28
355.940,-7.70,8.59,10.38,1.33
355.955,-9.51,8.59,10.19,1.38
355.985,-2.51,8.59,8.88,1.33
356.015,0.49,8.59,7.75,1.44
356.029,3.27,8.59,7.19,1.28
356.042,3.07,8.59,6.38,1.33
356.056,5.43,8.59,5.88,1.28
356.073,1.89,8.59,5.44,1.54
356.086,0.27,8.59,5.38,1.28
356.103,-3.49,8.59,5.69,1.60
356.117,-6.50,8.59,6.00,1.28
356.131,-3.86,8.59,6.25,1.33
356.145,-4.93,8.59,6.56,1.33
356.160,-7.61,8.59,6.75,1.38
356.175,-8.95,8.59,7.31,1.49
356.189,-8.37,8.59,7.56,1.33
356.205,-10.42,8.59,8.06,1.49
356.220,-10.22,8.59,8.25,1.38
356.234,-9.22,8.59,8.50,1.33
356.247,-11.47,8.59,8.75,1.28
356.264,-16.91,8.59,9.50,1.60
356.291,-22.56,8.59,10.94,1.28
356.352,-17.81,8.59,12.25,1.54
356.367,-15.34,8.59,12.06,1.38
356.380,-12.59,8.59,11.75,1.28
356.394,-8.09,8.59,10.81,1.33
356.408,-5.44,8.59,10.25,1.33
356.425,-1.76,8.59,9.00,1.54
356.439,-0.14,8.59,8.38,1.28
356.455,-5.53,8.59,7.56,1.54
356.469,-2.17,8.59,7.25,1.28
356.483,0.57,8.59,6.38,1.33
356.497,-1.67,8.59,6.19,1.33
356.513,0.50,8.59,5.88,1.54
356.527,2.43,8.59,5.56,1.38
356.541,3.32,8.59,5.25,1.28
356.556,6.43,8.59,4.63,1.44
356.571,8.63,8.59,4.19,1.44
356.599,8.70,8.59,3.25,1.33
356.615,4.75,8.59,3.13,1.54
356.629,4.41,8.59,3.25,1.28
356.643,3.09,8.59,3.63,1.33
356.657,5.85,8.59,3.63,1.33
356.673,2.59,8.59,3.94,1.60
356.687,0.99,8.59,4.25,1.33
356.703,1.10,8.59,4.69,1.49
356.717,0.73,8.59,4.88,1.38
356.731,0.78,8.59,5.13,1.33
356.745,0.31,8.59,5.44,1.33
356.759,-1.75,8.59,5.75,1.33
356.776,-7.07,8.59,6.63,1.60
356.789,-9.62,8.59,7.19,1.28
356.806,-16.53,8.59,8.69,1.54356.820,-19.50,8.59,9.50,1.38
356.834,-20.35,8.59,10.94,1.28
356.848,-20.77,8.59,11.50,1.38
356.864,-24.15,8.59,12.63,1.65
356.878,-20.98,8.59,12.94,1.33
356.892,-17.48,8.59,13.06,1.33
356.907,-16.60,8.59,13.00,1.44
356.923,-15.94,8.59,12.81,1.49
356.937,-16.31,8.59,12.75,1.33
356.952,-16.89,8.59,12.63,1.49
356.967,-17.94,8.59,12.63,1.38
357.040,-13.64,8.59,11.69,1.33
357.056,-10.73,8.59,11.06,1.49
357.070,-8.88,8.59,10.69,1.33
357.084,-3.86,8.59,9.63,1.33
357.098,-2.16,8.59,9.06,1.28
357.114,-0.53,8.59,7.94,1.44
357.128,-2.90,8.59,7.63,1.38
357.142,-3.41,8.59,7.38,1.22
357.157,-5.82,8.59,7.13,1.38
357.172,-4.81,8.59,6.94,1.38
357.186,-6.68,8.59,7.00,1.28
357.217,-7.71,8.59,7.31,1.49
357.230,-8.00,8.59,7.44,1.28
357.244,-7.82,8.59,7.63,1.28
357.259,-7.56,8.59,7.69,1.33
357.275,-9.05,8.59,7.88,1.54
357.289,-10.67,8.59,8.06,1.28
357.305,-14.00,8.59,8.63,1.54
357.319,-16.61,8.59,9.06,1.33
357.333,-19.36,8.59,9.56,1.28
357.347,-19.92,8.59,10.44,1.33
357.361,-19.59,8.59,10.75,1.38
357.377,-19.10,8.59,11.25,1.54
357.391,-17.54,8.59,11.38,1.33
357.407,-15.59,8.59,11.31,1.54357.422,-14.44,8.59,11.13,1.38
357.436,-10.75,8.59,10.56,1.33
357.450,-8.70,8.59,10.19,1.28
357.467,-7.88,8.59,9.50,1.65
357.494,-7.14,8.59,8.69,1.33
357.524,-5.18,8.59,8.06,1.49
357.538,-0.69,8.59,7.31,1.33
357.554,-1.49,8.59,6.69,1.44
357.569,1.05,8.59,6.31,1.44
357.582,2.63,8.59,5.94,1.28
357.596,2.78,8.59,5.25,1.33
357.610,3.20,8.59,5.00,1.28
357.627,5.54,8.59,4.50,1.54
357.640,4.13,8.59,4.31,1.33
357.657,0.54,8.59,4.44,1.60
357.671,-0.37,8.59,4.56,1.28
357.684,-1.99,8.59,4.81,1.33
357.714,-1.55,8.59,5.31,1.44
357.729,-4.21,8.59,5.75,1.44
357.743,-5.87,8.59,6.13,1.33
357.758,-7.86,8.59,6.81,1.49
357.773,-8.61,8.59,7.19,1.44
357.801,-13.03,8.59,8.38,1.28
357.831,-20.54,8.59,10.13,1.33
357.845,-25.83,8.59,11.50,1.33
357.860,-27.33,8.59,12.19,1.44
357.876,-25.57,8.59,13.13,1.54
357.890,-25.71,8.59,13.50,1.33
357.906,-23.25,8.59,13.75,1.60
357.920,-20.52,8.59,13.69,1.38
357.934,-18.38,8.59,13.44,1.33
357.948,-13.56,8.59,12.63,1.38
357.979,-6.65,8.59,10.81,1.49
357.992,-5.02,8.59,10.19,1.33
358.009,-1.90,8.59,8.94,1.49
358.023,-0.23,8.59,8.31,1.33
358.037,-3.67,8.59,7.69,1.33
358.051,-2.46,8.59,7.38,1.28
58.067,-3.43,8.59,6.94,1.54
358.081,-4.94,8.59,6.88,1.33
358.095,-5.47,8.59,6.88,1.28
358.110,-4.75,8.59,6.88,1.38
358.125,-4.52,8.59,6.88,1.44
358.139,-4.13,8.59,6.75,1.33
358.154,-6.02,8.59,6.81,1.33
358.169,-7.78,8.59,7.06,1.44
358.183,-9.60,8.59,7.31,1.33
358.197,-10.47,8.59,7.81,1.28
358.241,-12.74,8.59,8.81,1.33
358.258,-15.82,8.59,9.38,1.54
358.285,-16.70,8.59,10.13,1.33
358.299,-17.42,8.59,10.56,1.28
358.314,-19.54,8.59,10.88,1.38
358.330,-20.64,8.59,11.38,1.49
358.344,-23.26,8.59,11.69,1.28
358.360,-25.80,8.59,12.38,1.54
358.375,-29.25,8.59,12.88,1.38
358.389,-29.63,8.59,13.75,1.33
358.403,-29.82,8.59,14.06,1.33
358.419,-29.08,8.59,14.38,1.54
358.433,-25.59,8.59,14.31,1.33
358.461,-21.15,8.59,13.63,1.38
358.492,-13.98,8.59,12.13,1.28
358.508,-9.95,8.59,10.88,1.54
358.522,-8.66,8.59,10.19,1.28
358.536,-10.03,8.59,9.63,1.22
358.550,-12.66,8.59,9.00,1.33
358.565,-9.95,8.59,8.50,1.38
358.581,-8.14,8.59,7.94,1.44
358.594,-6.86,8.59,7.63,1.28
358.624,-2.91,8.59,6.56,1.33
358.652,0.61,8.59,5.25,1.28
358.669,2.16,8.59,4.56,1.49
358.682,2.70,8.59,4.25,1.28
358.696,-6.21,8.59,4.63,1.28
358.711,-5.23,8.59,4.81,1.33
358.740,-5.93,8.59,5.31,1.33
358.785,-7.62,8.59,6.13,1.28
58.798,-10.29,8.59,6.63,1.28
358.812,-10.68,8.59,6.94,1.33
358.829,-11.14,8.59,7.44,1.49
358.843,-12.47,8.59,7.69,1.28
358.859,-15.04,8.59,8.31,1.54
358.873,-18.11,8.59,8.81,1.33
358.887,-21.37,8.59,9.38,1.28
358.901,-23.79,8.59,10.50,1.28
358.931,-21.54,8.59,11.25,1.49
358.961,-15.58,8.59,11.25,1.49
358.976,-17.19,8.59,11.19,1.38
358.990,-14.97,8.59,10.94,1.33
359.004,-12.73,8.59,10.63,1.28
359.020,-10.97,8.59,10.00,1.54
359.034,-9.99,8.59,9.69,1.33
359.048,-10.07,8.59,9.13,1.28
359.063,-9.85,8.59,8.94,1.38
359.079,-11.85,8.59,8.75,1.44
359.093,-7.33,8.59,8.44,1.33
359.108,-7.28,8.59,8.00,1.54
359.136,-5.47,8.59,7.50,1.33
359.151,-2.87,8.59,6.81,1.33
359.164,-2.79,8.59,6.56,1.33
359.181,1.94,8.59,5.75,1.54
359.195,0.80,8.59,5.50,1.28
359.211,-1.26,8.59,5.19,1.60
359.225,-3.74,8.59,5.25,1.28
359.239,-11.43,8.59,6.06,1.33
359.253,-9.20,8.59,6.38,1.33
359.269,-9.78,8.59,6.81,1.54
359.283,-12.57,8.59,7.19,1.38
359.297,-15.21,8.59,7.69,1.33
359.312,-12.16,8.59,8.38,1.44
359.328,-13.97,8.59,8.63,1.49
359.342,-16.81,8.59,9.25,1.33
359.357,-10.81,8.59,9.31,1.38
359.386,-17.65,8.59,9.75,1.33
359.414,-25.09,8.59,11.13,1.33
359.431,-27.88,8.59,12.25,1.54
359.444,-28.07,8.59,12.69,1.33
359.461,-23.77,8.59,13.06,1.60
359.475,-23.75,8.59,13.13,1.33
359.489,-20.77,8.59,13.13,1.28
359.503,-17.74,8.59,12.69,1.33
359.518,-13.63,8.59,11.88,1.49
359.533,-11.90,8.59,11.38,1.33
359.547,-11.24,8.59,10.94,1.28
359.563,-8.51,8.59,9.94,1.44
359.578,-6.75,8.59,9.38,1.44
359.592,-14.64,8.59,9.00,1.22
359.694,-9.73,-5.73,7.44,1.22
359.710,-8.48,-5.73,7.00,1.44
359.724,-9.37,-5.73,6.81,1.22
359.738,-10.10,-5.73,6.69,1.22
359.752,-10.18,-5.73,6.38,1.33
359.766,-10.72,-5.73,6.25,1.22
359.782,-10.51,-5.73,6.06,1.49
359.796,-8.01,-5.73,5.75,1.28
359.813,-5.20,-5.73,5.00,1.49
359.840,0.25,-5.73,3.56,1.28
359.871,8.01,-5.73,1.50,1.49
359.899,6.11,-5.73,-0.06,1.22
359.914,6.40,-5.73,-0.44,1.38
359.929,9.12,-5.73,-0.94,1.38
359.943,2.55,-5.73,-1.19,1.28
359.958,4.85,-5.73,-1.31,1.33
359.987,10.32,-5.73,-2.19,1.28
360.001,11.35,-5.73,-2.88,1.28
360.015,13.59,-5.73,-3.31,1.33
360.032,18.73,-5.73,-4.38,1.60
360.046,21.47,-5.73,-5.00,1.28
360.076,25.64,-5.73,-6.81,1.28
360.090,25.63,-5.73,-7.44,1.28
360.104,25.28,-5.73,-8.19,1.33
360.118,20.65,-5.73,-8.25,1.38
360.134,18.19,-5.73,-8.06,1.49
360.164,21.66,-5.73,-7.94,1.49
360.192,19.90,-5.73,-7.69,1.28
360.206,20.52,-5.73,-7.56,1.33
360.223,20.61,-5.73,-7.44,1.60
360.237,21.10,-5.73,-7.38,1.28
360.251,20.76,-5.73,-7.25,1.28
360.265,18.75,-5.73,-7.06,1.38
360.281,14.49,-5.73,-6.38,1.49
360.295,12.95,-5.73,-5.94,1.28
360.310,7.68,-5.73,-4.81,1.49
360.325,5.34,-5.73,-4.19,1.44
360.339,3.40,-5.73,-3.50,1.28
360.353,6.30,-5.73,-2.69,1.38
360.367,7.12,-5.73,-2.44,1.33
360.384,2.89,-5.73,-1.69,1.60
360.397,8.42,-5.73,-1.69,1.28
360.428,12.77,-5.73,-2.19,1.22
360.441,10.91,-5.73,-2.38,1.28
360.455,9.21,-5.73,-2.38,1.38
360.471,6.94,-5.73,-2.19,1.44
360.486,5.80,-5.73,-2.00,1.38
360.500,7.93,-5.73,-1.88,1.28
360.515,8.83,-5.73,-1.94,1.49
360.530,8.66,-5.73,-1.94,1.38
360.544,7.42,-5.73,-1.94,1.33
360.558,8.03,-5.73,-2.00,1.28
360.574,9.09,-5.73,-2.13,1.54
360.588,9.82,-5.73,-2.25,1.33
360.601,10.17,-5.73,-2.50,1.28
360.616,9.19,-5.73,-2.56,1.33
360.632,7.39,-5.73,-2.56,1.49
360.646,6.33,-5.73,-2.44,1.33
360.661,4.28,-5.73,-2.13,1.44
360.676,4.80,-5.73,-2.00,1.38
360.690,5.46,-5.73,-2.00,1.33
360.703,6.17,-5.73,-2.00,1.28
360.717,5.95,-5.73,-2.06,1.33
360.734,5.40,-5.73,-2.00,1.60
360.747,7.22,-5.73,-2.13,1.28
360.764,8.37,-5.73,-2.38,1.60
360.778,8.59,-5.73,-2.56,1.28
360.792,7.18,-5.73,-2.63,1.33
360.806,6.57,-5.73,-2.69,1.28
360.820,4.70,-5.73,-2.69,1.44
360.865,6.48,-5.73,-2.56,1.54
360.880,7.31,-5.73,-2.69,1.38
360.908,8.74,-5.73,-3.13,1.33
360.938,12.84,-5.73,-3.88,1.28
360.952,14.86,-5.73,-4.56,1.33
360.967,15.22,-5.73,-4.88,1.38
360.982,14.63,-5.73,-5.13,1.49
360.996,15.97,-5.73,-5.56,1.33
361.012,12.91,-5.73,-5.75,1.44
361.027,17.83,-5.73,-6.00,1.44
361.040,21.38,-5.73,-6.44,1.33
361.054,20.26,-5.73,-7.06,1.33
361.068,21.82,-5.73,-7.38,1.33
361.085,28.47,-5.73,-8.31,1.60
361.099,27.22,-5.73,-8.69,1.28
361.115,30.02,-5.73,-9.38,1.60
361.129,31.57,-5.73,-9.81,1.33
361.143,30.84,-5.73,-10.44,1.33
361.157,26.22,-5.73,-10.38,1.33
361.173,19.96,-5.73,-9.75,1.54
361.201,18.00,-5.73,-8.94,1.28
361.217,15.83,-5.73,-8.06,1.49
361.232,11.22,-5.73,-7.50,1.49
361.246,8.51,-5.73,-6.25,1.28
361.260,11.81,-5.73,-5.88,1.38
361.276,8.76,-5.73,-5.06,1.49
361.290,10.81,-5.73,-4.81,1.28
361.318,6.52,-5.73,-3.88,1.38
361.334,4.78,-5.73,-3.13,1.49
361.348,4.38,-5.73,-2.81,1.33
361.364,0.05,-5.73,-2.00,1.54
361.378,0.70,-5.73,-1.69,1.33
361.392,1.56,-5.73,-1.44,1.33
361.406,2.10,-5.73,-1.19,1.33
361.420,0.89,-5.73,-1.06,1.33
361.436,2.05,-5.73,-0.88,1.54
361.450,6.79,-5.73,-1.12,1.33
361.466,6.37,-5.73,-1.56,1.49
361.480,5.60,-5.73,-1.69,1.28
361.494,5.01,-5.73,-1.81,1.33
361.508,4.81,-5.73,-1.94,1.33
361.523,4.42,-5.73,-2.06,1.44
361.538,5.43,-5.73,-2.19,1.44
361.552,9.21,-5.73,-2.44,1.28
361.567,11.47,-5.73,-3.13,1.49
361.582,12.29,-5.73,-3.50,1.38
361.596,16.17,-5.73,-4.44,1.38
361.610,18.58,-5.73,-5.00,1.28
361.627,24.18,-5.73,-6.31,1.54
361.654,24.17,-5.73,-7.75,1.28
361.669,25.35,-5.73,-8.19,1.38
361.685,23.88,-5.73,-8.75,1.54
361.699,21.04,-5.73,-8.81,1.28
361.714,22.22,-5.73,-8.81,1.54
361.729,22.61,-5.73,-8.88,1.38
361.743,22.43,-5.73,-8.94,1.28
361.757,21.78,-5.73,-8.88,1.38
361.771,23.01,-5.73,-8.94,1.33
361.787,23.04,-5.73,-8.94,1.54
361.801,23.67,-5.73,-9.00,1.33
361.832,23.98,-5.73,-9.13,1.38
361.845,21.90,-5.73,-8.94,1.28
361.860,20.96,-5.73,-8.75,1.38
361.876,18.44,-5.73,-8.25,1.54
361.890,18.20,-5.73,-8.00,1.33
361.904,17.75,-5.73,-7.50,1.33
361.919,17.87,-5.73,-7.31,1.44
361.934,17.32,-5.73,-7.13,1.44
361.948,15.98,-5.73,-6.69,1.33
361.979,14.29,-5.73,-5.94,1.44
362.006,6.13,-5.73,-4.75,1.28
362.020,4.59,-5.73,-4.19,1.33
362.037,1.66,-5.73,-3.06,1.60
362.051,-1.46,-5.73,-2.44,1.33
362.067,-4.89,-5.73,-1.12,1.60
362.095,-1.72,-5.73,-0.37,1.33
362.109,1.97,-5.73,-0.19,1.33
362.124,3.32,-5.73,-0.37,1.38
362.139,6.03,-5.73,-0.75,1.49
362.153,9.81,-5.73,-1.19,1.33
362.183,13.76,-5.73,-2.63,1.44
362.197,16.13,-5.73,-3.69,1.28
362.211,15.39,-5.73,-4.13,1.28
362.228,16.16,-5.73,-4.63,1.60
362.242,19.95,-5.73,-5.13,1.33
362.255,16.62,-5.73,-5.69,1.33
362.270,18.75,-5.73,-6.06,1.44
362.300,18.53,-5.73,-6.81,1.33
362.330,25.80,-5.73,-7.88,1.38
362.344,26.99,-5.73,-8.31,1.28
362.358,26.98,-5.73,-8.94,1.33
362.372,27.91,-5.73,-9.25,1.33
362.389,22.65,-5.73,-9.31,1.60
362.402,21.77,-5.73,-9.19,1.28
362.419,26.10,-5.73,-9.38,1.60
362.433,25.70,-5.73,-9.44,1.33
362.446,24.07,-5.73,-9.31,1.33
362.461,24.66,-5.73,-9.31,1.38
362.477,25.25,-5.73,-9.25,1.49
362.491,25.72,-5.73,-9.25,1.38
362.505,25.75,-5.73,-9.25,1.28
362.520,24.76,-5.73,-9.13,1.44
362.536,22.40,-5.73,-8.94,1.44
362.549,20.35,-5.73,-8.44,1.33
362.564,18.74,-5.73,-8.13,1.44
362.594,15.46,-5.73,-7.00,1.33
362.621,12.21,-5.73,-5.75,1.33
362.638,10.73,-5.73,-5.00,1.60
362.652,11.60,-5.73,-4.69,1.28
362.669,11.28,-5.73,-4.25,1.60
362.682,11.37,-5.73,-4.13,1.28
362.696,8.39,-5.73,-3.75,1.33
362.710,7.88,-5.73,-3.25,1.28
362.725,3.70,-5.73,-2.88,1.44
362.741,0.76,-5.73,-2.00,1.49
362.754,2.12,-5.73,-1.63,1.28
362.770,1.76,-5.73,-1.12,1.54
362.785,0.31,-5.73,-0.88,1.38
362.799,2.55,-5.73,-0.56,1.33
362.812,7.63,-5.73,-0.88,1.33
362.829,6.09,-5.73,-1.25,1.60
362.843,7.76,-5.73,-1.50,1.28
362.857,12.05,-5.73,-2.31,1.28
362.901,13.92,-5.73,-3.81,1.33
362.917,14.18,-5.73,-4.44,1.49
362.932,15.59,-5.73,-4.75,1.38
362.945,18.91,-5.73,-5.19,1.28
362.960,22.87,-5.73,-6.25,1.44
362.973,23.25,-5.73,-6.69,1.28
363.020,32.46,-5.73,-9.69,1.54
363.034,33.35,-5.73,-10.13,1.33
363.048,34.64,-5.73,-11.00,1.33
363.062,32.84,-5.73,-11.25,1.38
363.079,28.22,-5.73,-11.19,1.54
363.093,25.52,-5.73,-10.94,1.38
363.122,23.51,-5.73,-10.06,1.44
363.167,13.98,-5.73,-7.56,1.49
363.182,14.92,-5.73,-7.13,1.38
363.195,15.65,-5.73,-6.75,1.28
363.209,9.89,-5.73,-5.81,1.28
363.223,9.70,-5.73,-5.31,1.33
363.240,7.82,-5.73,-4.38,1.60
363.254,7.68,-5.73,-4.00,1.28
363.270,3.24,-5.73,-3.06,1.60
363.284,6.05,-5.73,-2.81,1.28
363.298,8.35,-5.73,-2.75,1.33
363.312,8.41,-5.73,-2.63,1.33
363.327,10.01,-5.73,-2.75,1.44
363.342,13.18,-5.73,-3.00,1.44
363.356,16.36,-5.73,-3.44,1.28
363.371,18.66,-5.73,-4.25,1.49
363.386,19.54,-5.73,-4.63,1.38
363.400,21.87,-5.73,-5.50,1.33
363.414,22.15,-5.73,-5.88,1.38
363.431,15.73,-5.73,-5.88,1.54363.445,23.21,-5.73,-6.25,1.33
363.458,21.92,-5.73,-6.81,1.33
363.473,20.64,-5.73,-6.94,1.38
363.489,23.05,-5.73,-7.25,1.54
363.503,23.90,-5.73,-7.44,1.33
363.519,27.27,-5.73,-8.00,1.49
363.533,28.88,-5.73,-8.38,1.38
363.547,30.38,-5.73,-8.75,1.28
363.561,30.63,-5.73,-9.38,1.33
363.605,24.43,-5.73,-8.81,1.28
363.621,23.14,-5.73,-8.56,1.54
363.636,22.82,-5.73,-8.38,1.44
363.650,20.40,-5.73,-7.94,1.28
363.664,20.08,-5.73,-7.69,1.38
363.680,19.07,-5.73,-7.19,1.60
363.694,18.79,-5.73,-6.94,1.28
363.708,16.96,-5.73,-6.44,1.28
363.723,14.16,-5.73,-6.06,1.44
363.738,11.62,-5.73,-5.56,1.44
363.752,8.66,-5.73,-4.63,1.33
363.767,6.15,-5.73,-4.00,1.44
363.783,4.00,-5.73,-2.94,1.44
363.796,6.18,-5.73,-2.63,1.33
363.810,7.56,-5.73,-2.31,1.33
363.824,7.01,-5.73,-2.19,1.33
363.841,13.49,-5.73,-2.50,1.60
363.871,17.19,-5.73,-3.38,1.60
363.885,19.54,-5.73,-3.88,1.33
363.899,19.80,-5.73,-4.31,1.28
363.913,18.28,-5.73,-4.94,1.33
363.928,14.33,-5.73,-4.88,1.49
363.943,15.19,-5.73,-4.88,1.44
363.957,17.46,-5.73,-5.06,1.33
363.973,18.77,-5.73,-5.38,1.49
363.988,19.55,-5.73,-5.56,1.44
364.002,20.93,-5.73,-6.00,1.33
364.015,21.87,-5.73,-6.25,1.33
364.032,26.20,-5.73,-6.94,1.60
364.046,28.78,-5.73,-7.44,1.33
364.059,30.18,-5.73,-8.38,1.33
364.074,28.97,-5.73,-8.63,1.38
364.104,23.48,-5.73,-8.69,1.28
364.134,27.73,-5.73,-8.56,1.44
364.148,21.21,-5.73,-8.31,1.33
364.162,21.45,-5.73,-7.88,1.38
364.176,21.44,-5.73,-7.75,1.33
364.193,18.67,-5.73,-7.25,1.54
364.206,18.56,-5.73,-7.00,1.33
364.223,17.14,-5.73,-6.50,1.54
364.237,15.52,-5.73,-6.19,1.33
364.251,15.04,-5.73,-5.56,1.28
364.281,13.07,-5.73,-5.13,1.54
364.295,13.39,-5.73,-4.88,1.33
364.309,15.67,-5.73,-4.69,1.33
364.324,15.94,-5.73,-4.69,1.44
364.340,14.62,-5.73,-4.63,1.44
364.368,15.65,-5.73,-4.50,1.38
364.398,16.75,-5.73,-4.63,1.28
364.411,15.14,-5.73,-4.63,1.28
364.425,13.69,-5.73,-4.56,1.33
364.442,11.18,-5.73,-4.19,1.54
364.456,8.95,-5.73,-3.88,1.33
364.473,7.69,-5.73,-3.31,1.60
364.486,6.61,-5.73,-3.06,1.28
364.500,7.14,-5.73,-2.75,1.33
364.514,9.85,-5.73,-2.63,1.33
364.529,8.97,-5.73,-2.63,1.44
364.544,10.58,-5.73,-2.75,1.49
364.558,11.81,-5.73,-2.81,1.28
364.574,13.17,-5.73,-3.25,1.49
364.589,12.86,-5.73,-3.38,1.38
364.603,11.76,-5.73,-3.63,1.33
364.617,11.02,-5.73,-3.63,1.33
364.633,10.38,-5.73,-3.69,1.54
364.647,10.26,-5.73,-3.69,1.33
364.661,14.16,-5.73,-4.00,1.28
364.675,16.62,8.59,-4.31,1.44
364.691,18.39,8.59,-4.81,1.54
364.705,21.05,8.59,-5.19,1.33
364.721,26.68,8.59,-6.06,1.49
364.736,28.65,8.59,-6.56,1.38
364.750,29.66,8.59,-7.00,1.28
364.778,28.05,8.59,-7.88,1.38
364.794,22.02,8.59,-7.38,1.54
364.808,21.34,8.59,-7.06,1.28
364.824,20.90,8.59,-6.44,1.54
364.838,20.22,8.59,-6.06,1.33
364.852,15.76,8.59,-5.06,1.33
364.866,13.76,8.59,-4.44,1.38
364.882,10.63,8.59,-3.19,1.49
364.896,10.54,8.59,-2.56,1.38
364.941,5.67,8.59,0.00,1.44
364.954,0.32,8.59,1.31,1.33
364.969,-1.91,8.59,2.19,1.38
364.985,-5.14,8.59,3.69,1.44
364.998,-6.71,8.59,4.44,1.33
365.012,-7.99,8.59,5.81,1.33
365.026,-9.10,8.59,6.38,1.33
365.042,-12.83,8.59,7.56,1.54
365.056,-13.16,8.59,8.13,1.33
365.073,-13.70,8.59,8.94,1.54
365.087,-13.66,8.59,9.31,1.33
365.114,-16.82,8.59,10.13,1.33
365.129,-19.81,8.59,10.56,1.38
365.145,-23.47,8.59,11.56,1.54
365.159,-23.66,8.59,12.06,1.33
365.175,-24.60,8.59,12.81,1.54
365.189,-25.62,8.59,13.13,1.38
365.203,-26.78,8.59,13.63,1.28
365.217,-24.31,8.59,13.69,1.38
365.234,-21.79,8.59,13.50,1.65
365.262,-12.92,8.59,12.25,1.33
365.277,-12.72,8.59,11.75,1.38
365.292,-11.24,8.59,11.19,1.54
365.306,-8.71,8.59,10.13,1.28
365.322,-4.17,8.59,8.88,1.54
365.337,-6.20,8.59,8.44,1.33
365.351,-4.35,8.59,7.94,1.28
365.365,0.61,8.59,6.63,1.33
365.378,-3.85,8.59,6.31,1.28
365.395,3.21,8.59,5.31,1.60
365.409,4.23,8.59,4.81,1.28
365.425,7.29,8.59,3.69,1.54
365.439,10.32,8.59,3.06,1.28
365.453,7.60,8.59,2.13,1.28
365.467,7.38,8.59,1.94,1.33
365.483,9.63,8.59,1.37,1.49
365.497,3.66,8.59,1.56,1.38
365.511,7.91,8.59,1.69,1.33
365.526,8.91,8.59,1.44,1.38
365.541,8.79,8.59,1.37,1.44
365.555,7.97,8.59,1.37,1.33
365.569,9.51,8.59,1.31,1.33
365.585,11.19,8.59,1.19,1.54
365.599,12.31,8.59,1.06,1.28
365.613,14.55,8.59,0.69,1.28
365.627,14.84,8.59,0.56,1.33
365.644,13.28,8.59,0.50,1.54
365.657,8.00,8.59,0.81,1.33
365.674,3.17,8.59,1.88,1.49
365.688,6.30,8.59,2.13,1.33
365.702,5.89,8.59,2.44,1.33
365.715,0.45,8.59,3.31,1.28
365.729,-2.99,8.59,4.00,1.33
365.746,-2.45,8.59,5.06,1.54
365.759,-3.70,8.59,5.56,1.28
365.776,-9.55,8.59,6.81,1.54
365.790,-6.46,8.59,7.19,1.33
365.803,-14.94,8.59,8.31,1.28
365.833,-21.64,8.59,10.69,1.49
365.862,-18.32,8.59,11.69,1.33
365.877,-23.19,8.59,12.56,1.49
365.893,-18.63,8.59,12.94,1.44
365.907,-17.21,8.59,13.06,1.33
365.922,-20.72,8.59,13.13,1.44
365.937,-18.76,8.59,13.31,1.49
365.951,-15.78,8.59,13.13,1.28
365.965,-15.38,8.59,12.69,1.33
365.979,-15.58,8.59,12.56,1.33
365.996,-16.10,8.59,12.25,1.54
366.009,-16.85,8.59,12.19,1.33
366.026,-16.59,8.59,12.06,1.60
366.040,-14.02,8.59,11.81,1.33
366.054,-10.69,8.59,11.13,1.33
366.068,-9.31,8.59,10.69,1.33
366.084,-5.51,8.59,9.81,1.49
366.099,-4.38,8.59,9.31,1.38
366.112,-0.94,8.59,8.75,1.33
366.128,0.17,8.59,7.56,1.38
366.143,3.82,8.59,6.88,1.44
366.157,2.40,8.59,5.88,1.33
366.171,-0.81,8.59,5.56,1.33
366.187,-3.87,8.59,5.56,1.49
366.201,-6.58,8.59,5.81,1.28
366.214,-0.04,8.59,5.63,1.28
366.229,-1.82,8.59,5.63,1.38
366.245,-5.45,8.59,5.88,1.54
366.259,-5.17,8.59,6.06,1.28
366.275,-3.68,8.59,6.19,1.54
366.289,-3.46,8.59,6.19,1.33
366.303,-3.82,8.59,6.25,1.28
366.317,-4.76,8.59,6.44,1.28
366.331,-7.61,8.59,6.63,1.38
366.347,-11.23,8.59,7.31,1.49
366.361,-14.94,8.59,7.75,1.28
366.377,-18.25,8.59,8.88,1.54
366.392,-18.73,8.59,9.44,1.33
366.406,-17.82,8.59,10.19,1.33
366.420,-16.45,8.59,10.38,1.38
366.436,-13.79,8.59,10.44,1.60
366.464,-9.51,8.59,10.06,1.33
366.509,-3.26,8.59,8.50,1.33
366.524,-2.40,8.59,7.81,1.44
366.539,-1.93,8.59,7.50,1.38
366.553,-5.98,8.59,7.50,1.28
366.566,0.86,8.59,6.94,1.33
366.597,-3.02,8.59,6.44,1.65
366.611,-1.27,8.59,6.31,1.28
366.627,0.90,8.59,5.94,1.54
366.655,5.10,8.59,5.13,1.28
366.669,5.85,8.59,4.81,1.33
366.684,5.30,8.59,4.38,1.44
366.699,1.74,8.59,4.50,1.44
366.713,-0.39,8.59,4.56,1.28
366.728,-1.60,8.59,5.00,1.44
366.743,1.22,8.59,5.06,1.44
366.757,-0.07,8.59,5.31,1.28
366.771,-1.30,8.59,5.50,1.33
366.787,-1.26,8.59,5.81,1.60
366.801,-2.29,8.59,6.00,1.28
366.815,-3.32,8.59,6.44,1.33
366.830,-3.62,8.59,6.63,1.38
366.845,-7.06,8.59,7.19,1.44
366.859,-10.34,8.59,7.69,1.33
366.875,-15.91,8.59,8.88,1.49
366.918,-25.32,8.59,12.00,1.38
366.931,-23.42,8.59,12.50,1.33
366.948,-24.37,8.59,13.19,1.60
366.962,-20.56,8.59,13.31,1.33
366.978,-13.47,8.59,12.88,1.60
366.993,-10.82,8.59,12.44,1.33
367.007,-6.27,8.59,11.44,1.33
367.021,-4.94,8.59,10.81,1.33
367.065,-5.25,8.59,8.19,1.28
367.080,-0.34,8.59,7.81,1.38
367.095,-6.86,8.59,7.56,1.44
7.109,-10.36,8.59,7.88,1.33
367.124,-10.25,8.59,8.13,1.38
367.139,-11.37,8.59,8.56,1.49
367.153,-13.39,8.59,8.88,1.33
367.167,-15.28,8.59,9.50,1.28
367.181,-14.00,8.59,9.69,1.28
367.198,-13.71,8.59,9.75,1.60
367.212,-17.94,8.59,10.13,1.33
367.229,-18.50,8.59,10.69,1.60
367.242,-20.02,8.59,11.00,1.33
367.256,-17.52,8.59,11.31,1.33
367.270,-18.89,8.59,11.44,1.33
367.286,-17.07,8.59,11.50,1.54
367.301,-15.74,8.59,11.38,1.44
367.330,-12.10,8.59,10.81,1.44
367.359,-6.67,8.59,9.56,1.33
367.374,-6.62,8.59,9.19,1.33
367.390,-4.96,8.59,8.44,1.54
367.403,-4.47,8.59,8.13,1.28
367.417,-3.05,8.59,7.44,1.33
367.431,-3.52,8.59,7.19,1.33
367.448,1.84,8.59,6.31,1.54
367.462,1.73,8.59,5.94,1.33
367.478,3.94,8.59,5.25,1.60
367.492,5.94,8.59,4.88,1.28
367.506,8.65,8.59,4.38,1.33
367.520,7.21,8.59,3.69,1.33
367.534,9.28,8.59,3.44,1.33
367.550,9.87,8.59,2.88,1.49
367.564,6.18,8.59,2.88,1.33
367.580,3.29,8.59,3.13,1.49
367.594,0.44,8.59,3.50,1.38
367.608,1.71,8.59,4.00,1.28
367.622,-0.14,8.59,4.31,1.33
367.638,-2.14,8.59,5.00,1.60
367.652,-2.93,8.59,5.38,1.38
367.666,-4.77,8.59,6.13,1.28
367.681,-3.90,8.59,6.38,1.44
367.696,-6.09,8.59,6.75,1.44
367.710,-6.92,8.59,7.44,1.33
367.725,-13.08,8.59,7.88,1.33
367.740,-18.07,8.59,9.31,1.54
367.754,-21.37,8.59,10.13,1.33
367.768,-26.27,8.59,11.81,1.33
367.782,-28.59,8.59,12.63,1.38
367.799,-30.35,8.59,14.19,1.60
367.813,-28.50,8.59,14.63,1.33
367.830,-27.21,8.59,15.25,1.65
367.858,-17.73,8.59,14.75,1.28
367.872,-14.17,8.59,14.19,1.38
367.888,-10.78,8.59,13.00,1.49
367.903,-9.36,8.59,12.38,1.38
367.916,-8.77,8.59,11.75,1.33
367.947,-7.79,8.59,10.06,1.44
367.961,-5.07,8.59,9.25,1.33
367.975,-4.79,8.59,8.94,1.33
367.991,-4.91,8.59,8.25,1.49
368.005,-7.01,8.59,8.13,1.28
368.018,-4.60,8.59,7.81,1.33
368.033,-3.78,8.59,7.63,1.28
368.049,-2.26,8.59,7.13,1.54
368.063,-2.46,8.59,6.94,1.28
368.079,-3.56,8.59,6.75,1.54
368.093,-4.63,8.59,6.75,1.28
368.107,-5.57,8.59,6.81,1.28
368.121,-6.50,8.59,7.06,1.33
368.135,-4.00,8.59,7.00,1.28
368.151,-2.30,8.59,6.75,1.54
368.165,-3.77,8.59,6.75,1.33
368.181,-3.03,8.59,6.69,1.49
368.195,-2.03,8.59,6.63,1.33
368.209,0.24,8.59,6.31,1.28
368.223,1.43,8.59,6.13,1.22
368.238,1.15,8.59,5.88,1.49
368.253,1.07,8.59,5.75,1.38
368.267,-1.84,8.59,5.75,1.22
368.282,-7.77,8.59,6.31,1.38
368.297,-7.12,8.59,6.63,1.44
368.311,-4.77,8.59,6.88,1.33
368.325,-7.21,8.59,7.19,1.28
368.355,-11.70,8.59,8.25,1.28
368.383,-13.62,8.59,9.19,1.38
368.414,-16.47,8.59,10.38,1.28
368.430,-22.20,8.59,11.25,1.54
368.444,-26.34,8.59,11.94,1.28
368.458,-28.80,8.59,12.75,1.28
368.472,-31.00,8.59,14.00,1.33
368.487,-32.68,8.59,14.69,1.44
368.503,-30.43,8.59,15.50,1.44
368.533,-25.35,8.59,15.44,1.49
368.561,-19.68,8.59,14.44,1.33
368.592,-13.08,8.59,12.69,1.54
368.606,-11.93,8.59,12.06,1.28
368.619,-9.18,8.59,10.88,1.28
368.634,-7.80,8.59,10.25,1.33
368.650,-8.59,8.59,9.31,1.49
368.664,-5.48,8.59,8.81,1.33
368.680,-4.80,8.59,7.88,1.44
368.694,-4.00,8.59,7.50,1.33
368.708,-4.31,8.59,7.19,1.28
368.722,-1.93,8.59,6.56,1.28
368.736,0.34,8.59,6.13,1.22
368.752,0.74,8.59,5.56,1.54
368.766,1.79,8.59,5.25,1.28
368.782,-0.60,8.59,4.94,1.49
368.796,-4.73,8.59,5.06,1.28
368.810,-7.70,8.59,5.63,1.28
368.824,-5.70,8.59,5.81,1.28
368.840,-6.40,8.59,6.06,1.49
368.854,-7.36,8.59,6.25,1.38
368.868,-8.57,8.59,6.56,1.28
368.883,-10.16,8.59,7.06,1.44
368.898,-9.27,8.59,7.25,1.38
368.912,-11.44,8.59,7.75,1.28
368.926,-12.52,8.59,8.00,1.28
368.942,-16.48,8.59,8.81,1.54
368.956,-18.47,8.59,9.25,1.28
368.970,-23.39,8.59,10.44,1.28
368.985,-24.84,8.59,11.00,1.38
369.001,-24.28,8.59,11.81,1.49
369.015,-26.13,8.59,12.25,1.33
369.031,-19.90,8.59,12.38,1.54
369.045,-16.05,8.59,12.13,1.33
369.059,-15.55,8.59,11.88,1.33
369.073,-11.86,8.59,11.19,1.33
369.117,-1.36,8.59,8.69,1.28369.133,-4.55,8.59,7.69,1.49
369.148,-7.18,8.59,7.56,1.28
369.161,-8.92,8.59,7.56,1.28
369.175,-10.40,8.59,7.63,1.28
369.192,-15.32,8.59,8.25,1.54
369.206,-17.03,8.59,8.56,1.28
369.220,-20.78,8.59,9.50,1.33
369.235,-21.33,8.59,9.88,1.38
369.250,-17.34,8.59,10.19,1.38
369.264,-17.83,8.59,10.38,1.33
369.294,-15.48,8.59,10.19,1.38
369.308,-15.19,8.59,10.13,1.33
369.322,-17.29,8.59,10.25,1.28
369.336,-17.73,8.59,10.31,1.28
369.353,-12.62,8.59,10.00,1.54
369.367,-12.27,8.59,9.81,1.28
369.383,-11.76,8.59,9.44,1.54
369.397,-10.43,8.59,9.19,1.28
369.411,-8.15,8.59,8.81,1.28
369.440,-3.06,8.59,7.38,1.38
369.455,-1.20,8.59,6.94,1.38
369.469,-2.47,8.59,6.56,1.22
369.485,-2.30,8.59,6.00,1.44
369.499,-6.93,8.59,6.06,1.38
369.513,-10.18,8.59,6.50,1.22
369.527,-9.39,8.59,6.69,1.28
369.544,-9.07,8.59,6.81,1.54
369.557,-11.66,8.59,7.06,1.28
369.571,-15.99,8.59,7.88,1.22
369.586,-14.50,8.59,8.13,1.38
369.602,-13.60,8.59,8.31,1.49
369.616,-14.72,8.59,8.69,1.28
369.631,-10.71,8.59,8.75,1.44
369.660,-15.20,8.59,8.94,1.28
369.674,-19.05,8.59,9.56,1.33
369.688,-21.59,-5.73,9.94,1.28
369.704,-23.76,-5.73,10.69,1.54
369.718,-24.19,-5.73,10.94,1.28
369.734,-26.79,-5.73,11.50,1.54
369.749,-26.85,-5.73,11.69,1.38
369.763,-23.28,-5.73,11.63,1.28
369.777,-22.73,-5.73,11.44,1.38
369.794,-16.62,-5.73,10.63,1.54
369.807,-14.13,-5.73,10.00,1.28
369.821,-11.78,-5.73,8.75,1.28
369.836,-11.06,-5.73,8.13,1.38
369.852,-11.45,-5.73,7.56,1.44
369.866,-8.42,-5.73,6.44,1.22
369.881,-9.03,-5.73,5.38,1.38
369.896,-4.61,-5.73,4.75,1.33
369.910,-2.63,-5.73,4.06,1.28
369.923,0.85,-5.73,2.69,1.22
369.954,7.42,-5.73,0.19,1.49
369.984,10.30,-5.73,-2.06,1.54
369.998,12.52,-5.73,-2.69,1.22
370.012,13.97,-5.73,-3.44,1.28
370.041,12.93,-5.73,-4.81,1.38
370.056,13.15,-5.73,-5.38,1.38
370.070,19.93,-5.73,-5.75,1.28
370.086,22.57,-5.73,-6.88,1.44
370.101,24.91,-5.73,-7.50,1.33
370.115,30.01,-5.73,-8.75,1.28
370.128,33.15,-5.73,-9.44,1.28
370.145,35.36,-5.73,-10.69,1.54
370.159,36.32,-5.73,-11.25,1.28
370.187,35.45,-5.73,-12.38,1.33
.203,30.53,-5.73,-12.50,1.49
370.217,27.35,-5.73,-12.06,1.33
370.233,24.19,-5.73,-11.25,1.44
370.248,22.86,-5.73,-10.81,1.33
370.262,21.50,-5.73,-10.31,1.28
370.276,18.46,-5.73,-9.19,1.28
370.290,20.00,-5.73,-8.56,1.28
370.306,20.38,-5.73,-7.88,1.49
370.320,18.98,-5.73,-7.56,1.22
370.336,18.06,-5.73,-6.94,1.44
370.350,19.40,-5.73,-6.69,1.33
370.364,14.30,-5.73,-5.94,1.22
370.378,11.70,-5.73,-5.38,1.22
370.395,7.91,-5.73,-4.25,1.54
370.409,4.69,-5.73,-3.56,1.22
370.422,5.38,-5.73,-2.50,1.28
370.453,2.74,-5.73,-1.44,1.44
370.481,3.13,-5.73,-0.31,1.38
370.497,3.56,-5.73,0.00,1.44
370.510,2.88,-5.73,0.12,1.28
370.524,1.61,-5.73,0.37,1.22
370.538,0.21,-5.73,0.56,1.33
370.568,-6.75,-5.73,1.50,1.28
370.599,-10.93,-5.73,2.81,1.33
370.613,-11.43,-5.73,3.19,1.28
370.627,-12.03,-5.73,3.75,1.33
370.641,-11.70,-5.73,3.94,1.38
370.657,-8.11,-5.73,3.94,1.49
370.671,-7.08,-5.73,3.75,1.33
370.687,-5.15,-5.73,3.25,1.49
370.701,-4.43,-5.73,2.94,1.33
370.715,-0.28,-5.73,2.00,1.28
370.729,1.27,-5.73,1.44,1.33
370.746,2.56,-5.73,0.50,1.60
370.788,6.07,-5.73,-1.44,1.44
370.803,12.90,-5.73,-2.13,1.44
370.817,13.94,-5.73,-3.56,1.33
370.832,16.85,-5.73,-4.19,1.38
370.875,23.65,-5.73,-7.44,1.28
370.889,26.33,-5.73,-8.06,1.28
370.906,25.77,-5.73,-9.13,1.54
370.919,24.22,-5.73,-9.38,1.33
370.936,22.60,-5.73,-9.69,1.54
370.950,20.44,-5.73,-9.63,1.33
370.964,25.09,-5.73,-9.69,1.33
370.978,25.87,-5.73,-10.06,1.33
370.993,24.33,-5.73,-10.13,1.44
371.009,25.48,-5.73,-10.25,1.49
371.022,27.41,-5.73,-10.31,1.33
371.038,29.42,-5.73,-10.69,1.44
371.053,31.33,-5.73,-10.88,1.44371.067,32.44,-5.73,-11.38,1.28
371.081,31.64,-5.73,-11.44,1.33
371.097,26.46,-5.73,-11.13,1.54
371.111,26.11,-5.73,-10.94,1.33
371.125,22.10,-5.73,-10.19,1.28
371.156,18.96,-5.73,-8.94,1.54
371.170,17.28,-5.73,-8.44,1.33
371.186,12.88,-5.73,-7.31,1.54
371.200,11.09,-5.73,-6.69,1.33
371.214,15.41,-5.73,-6.19,1.22
371.228,12.14,-5.73,-5.50,1.33
371.242,6.36,-5.73,-4.81,1.33
371.258,6.76,-5.73,-3.75,1.44
371.272,2.80,-5.73,-3.31,1.33
371.288,-2.13,-5.73,-2.00,1.49
371.302,-0.69,-5.73,-1.50,1.28
371.316,0.61,-5.73,-1.00,1.33
371.330,-0.67,-5.73,-0.69,1.28
371.346,3.42,-5.73,-0.56,1.54
371.360,4.55,-5.73,-0.63,1.38
371.374,5.48,-5.73,-0.88,1.28
371.389,6.71,-5.73,-1.06,1.38
371.404,9.35,-5.73,-1.37,1.44
371.418,10.31,-5.73,-2.00,1.28
371.433,9.44,-5.73,-2.25,1.33
371.449,9.67,-5.73,-2.69,1.49
371.462,9.13,-5.73,-2.81,1.33
371.476,7.71,-5.73,-2.75,1.28
371.490,11.78,-5.73,-3.06,1.33
371.506,12.56,-5.73,-3.63,1.54
371.520,12.47,-5.73,-3.81,1.33
371.537,16.18,-5.73,-4.50,1.54
371.551,18.98,-5.73,-5.00,1.28
371.565,21.15,-5.73,-5.50,1.28
371.579,22.68,-5.73,-6.50,1.28
371.593,22.26,-5.73,-6.94,1.38
371.609,22.62,-5.73,-7.56,1.49
371.623,18.52,-5.73,-7.63,1.28
371.639,17.15,-5.73,-7.50,1.49
371.654,17.02,-5.73,-7.38,1.38
371.667,19.46,-5.73,-7.38,1.28
371.681,19.74,-5.73,-7.44,1.33
371.698,18.43,-5.73,-7.38,1.60
371.712,18.62,-5.73,-7.31,1.28
371.725,20.20,-5.73,-7.38,1.33
371.740,20.93,-5.73,-7.44,1.38
371.756,21.91,-5.73,-7.56,1.44
371.770,20.44,-5.73,-7.63,1.28
371.785,17.90,-5.73,-7.38,1.49
371.800,17.69,-5.73,-7.25,1.38
371.814,16.49,-5.73,-7.00,1.33
371.828,15.56,-5.73,-6.56,1.28
371.842,15.94,-5.73,-6.44,1.33
371.858,16.23,-5.73,-6.25,1.60
371.872,15.10,-5.73,-6.06,1.33371.889,14.10,-5.73,-5.75,1.54
371.903,13.44,-5.73,-5.56,1.33
371.916,15.20,-5.73,-5.50,1.28
371.930,14.61,-5.73,-5.38,1.33
371.946,10.01,-5.73,-4.94,1.38
371.961,8.77,-5.73,-4.63,1.44
371.975,6.86,-5.73,-4.38,1.33
371.990,3.39,-5.73,-3.50,1.44
372.005,1.16,-5.73,-3.00,1.38
372.019,2.76,-5.73,-2.25,1.33
372.032,5.20,-5.73,-2.19,1.28
372.049,4.22,-5.73,-1.94,1.60
372.063,9.30,-5.73,-2.19,1.28
372.077,12.28,-5.73,-2.88,1.28
372.091,13.36,-5.73,-3.19,1.38
372.107,17.68,-5.73,-3.63,1.49
372.121,20.89,-5.73,-4.81,1.28
372.136,18.78,-5.73,-5.69,1.49
372.165,17.37,-5.73,-5.88,1.28
372.193,18.00,-5.73,-6.44,1.33
372.210,22.02,-5.73,-7.00,1.60
372.224,21.81,-5.73,-7.19,1.28
372.240,24.98,-5.73,-7.81,1.60
372.254,26.82,-5.73,-8.13,1.33
372.268,32.18,-5.73,-9.13,1.33
372.282,35.20,-5.73,-9.69,1.33
372.298,29.46,-5.73,-10.19,1.54
372.313,31.49,-5.73,-10.38,1.38
372.326,28.50,-5.73,-10.44,1.28
372.341,22.13,-5.73,-10.06,1.49
372.357,22.70,-5.73,-9.56,1.49
372.371,21.14,-5.73,-8.94,1.33
372.386,15.98,-5.73,-8.50,1.44
372.401,12.56,-5.73,-7.25,1.44
372.415,11.09,-5.73,-6.63,1.33
372.429,12.54,-5.73,-5.69,1.33
372.443,9.51,-5.73,-5.19,1.28
372.460,7.60,-5.73,-4.19,1.54
372.473,8.36,-5.73,-3.88,1.28
372.490,6.61,-5.73,-3.25,1.60
372.517,4.39,-5.73,-2.38,1.28
372.546,4.22,-5.73,-1.88,1.38
372.576,8.07,-5.73,-1.75,1.33
372.591,7.66,-5.73,-2.00,1.49
372.606,9.03,-5.73,-2.13,1.38
372.620,12.88,-5.73,-2.75,1.28
372.634,14.15,-5.73,-3.13,1.28
372.651,13.79,-5.73,-3.69,1.60
372.664,13.26,-5.73,-3.88,1.28
372.678,14.11,-5.73,-4.31,1.28
372.693,14.53,-5.73,-4.50,1.38
372.709,15.81,-5.73,-4.88,1.54
372.723,19.78,-5.73,-5.31,1.28
372.739,20.54,-5.73,-6.00,1.54
372.753,22.15,-5.73,-6.44,1.38
372.781,27.35,-5.73,-7.88,1.38
372.796,30.43,-5.73,-8.31,1.33
372.812,33.29,-5.73,-9.44,1.49
372.825,30.43,-5.73,-9.81,1.33
372.841,28.01,-5.73,-10.19,1.54
372.856,26.98,-5.73,-10.13,1.33
372.870,23.27,-5.73,-9.75,1.33
372.884,23.95,-5.73,-9.56,1.33
372.900,20.70,-5.73,-8.94,1.60
372.928,15.39,-5.73,-7.63,1.33
372.959,16.35,-5.73,-6.69,1.44
372.973,16.02,-5.73,-6.19,1.33
372.988,9.87,-5.73,-5.31,1.38
373.003,12.19,-5.73,-5.06,1.44
373.017,12.91,-5.73,-4.88,1.28
373.030,7.83,-5.73,-4.25,1.33
373.044,6.41,-5.73,-3.81,1.22
373.061,7.05,-5.73,-3.25,1.60
373.074,7.24,-5.73,-3.00,1.33
373.091,4.09,-5.73,-2.50,1.54
373.105,7.22,-5.73,-2.44,1.33
373.133,21.97,-5.73,-3.00,1.28
373.163,33.23,-5.73,-6.06,1.28
373.177,46.39,-5.73,-7.19,1.06
373.193,50.00,-5.73,-11.25,1.22
373.235,50.00,-5.73,-24.31,1.17
373.252,50.00,-5.73,-32.50,1.49
373.266,50.00,-5.73,-36.75,1.12
373.280,50.00,-5.73,-45.81,1.12
373.294,50.00,-5.73,-51.31,1.22
373.310,50.00,-5.73,-64.06,1.49
373.341,50.00,-5.73,-87.12,1.54
373.369,-50.00,-5.73,259.31,1.33
373.383,-50.00,-5.73,255.38,1.38
373.398,-50.00,-5.73,253.63,1.44
373.414,-50.00,-5.73,253.06,1.54
373.428,-50.00,-5.73,253.75,1.38
373.443,-50.00,-5.73,257.31,1.54
373.458,-50.00,-5.73,259.94,1.49
373.472,-50.00,-5.73,263.63,1.44
373.486,-50.00,-5.73,263.38,1.38
373.503,-50.00,-5.73,263.50,1.60
373.517,-50.00,-5.73,263.19,1.38
373.531,-50.00,-5.73,261.88,1.33
373.562,-50.00,-5.73,261.13,1.70
373.592,-50.00,-5.73,260.75,1.70
373.620,-50.00,-5.73,260.88,1.44
373.634,-50.00,-5.73,261.38,1.44
373.649,-50.00,-5.73,261.69,1.49
373.665,-50.00,-5.73,262.31,1.54
373.678,-50.00,-5.73,262.63,1.38
373.694,-50.00,-5.73,263.06,1.54
373.754,-50.00,-5.73,265.00,1.70
373.768,-50.00,-5.73,265.19,1.38
373.781,-50.00,-5.73,265.63,1.44
373.796,-50.00,-5.73,265.81,1.49
373.813,-50.00,-5.73,266.06,1.70
373.827,-50.00,-5.73,266.06,1.38
373.843,-50.00,-5.73,266.69,1.54
373.857,50.00,-5.73,-90.75,0.74
373.871,50.00,-5.73,-87.12,0.16
373.950,50.00,-5.73,-86.00,0.11
373.965,50.00,-5.73,-86.44,0.27
373.979,50.00,-5.73,-86.62,0.43
374.024,50.00,-5.73,-85.62,0.53
374.037,50.00,-5.73,-85.06,0.53
374.054,50.00,-5.73,-82.69,0.64
374.068,50.00,-5.73,-80.69,0.59
374.082,50.00,-5.73,-76.50,0.69
374.096,50.00,-5.73,-74.25,0.90
374.112,50.00,-5.73,-69.94,1.12
374.126,50.00,-5.73,-67.62,1.01
374.143,50.00,-5.73,-62.06,1.22
374.157,50.00,-5.73,-59.38,0.90
374.170,50.00,-5.73,-57.88,0.96
374.185,50.00,-5.73,-54.19,1.06
374.199,50.00,-5.73,-52.38,1.06
374.215,50.00,-5.73,-48.25,1.22
374.245,50.00,-5.73,-41.06,1.22
374.273,50.00,-5.73,-33.75,1.22
374.287,49.83,-5.73,-31.50,1.33
374.304,50.00,-5.73,-28.37,1.65
374.318,50.00,-5.73,-27.50,1.38
374.332,50.00,-5.73,-26.81,1.38
374.346,50.00,-5.73,-26.56,1.54
