# time, goalRoll, roll, rollrate, goalSteer, steer, speed 
0.000999999999890644,0.1,5.146803583649868e-05,-0.0003183654515613078,0.399794127856654,0.00017888566513735537,1.1096192739341293
0.001999999999890534,0.1,0.002789622437844483,2.7381240391262196,0.38884151024862207,-0.009821050621771767,1.156143395607932
0.0029999999998904237,0.1,0.0038077887186200275,1.0182304975165988,0.3847688451255199,-0.019820954437453145,1.109514364182917
0.0039999999998903135,0.1,0.00489655220019644,1.0887085348032945,0.38041379119921426,-0.02982087255776707,1.1174012708952679
0.004999999999890203,0.1,0.006187478276457278,1.290886926047918,0.3752500868941709,-0.039820792079500816,1.1209465860663121
0.005999999999890093,0.1,0.007515695566940781,1.328206501824339,0.3699372177322369,-0.04982071135254207,1.113737410600163
0.006999999999889983,0.1,0.00896292392358256,1.4472406631637318,0.3641483043056698,-0.05982063167110369,1.1152818592806204
0.007999999999889873,0.1,0.010525808741561324,1.5629316277002891,0.3578967650337547,-0.06982055301864665,1.1147832558398407
0.008999999999889763,0.1,0.012099690295576653,1.5738226990126316,0.3516012388176934,-0.07982047303595546,1.1064555815864912
0.009999999999889653,0.1,0.013904934938666708,1.8051440829832268,0.3443802602453332,-0.08982039376493811,1.1191173907146095
0.010999999999889543,0.1,0.01580421359380283,1.8991900119935037,0.3367831456247887,-0.09982031445824509,1.1059963319842232
0.011999999999889432,0.1,0.017926244641114936,2.1219030081000723,0.3282950214355403,-0.10982023579130802,1.11506069047072
0.012999999999889322,0.1,0.02014855267616399,2.222284197961949,0.3194057892953441,-0.1198201577515623,1.11051885328783
0.013999999999889212,0.1,0.022455205527215274,2.3065438669626417,0.3101791778911389,-0.12982008024738798,1.1051546097796223
0.014999999999889102,0.1,0.02500789993200257,2.552570840581863,0.29996840027198973,-0.13982000329924094,1.1155970483028874
0.015999999999888992,0.1,0.02766293637141198,2.6549090090828242,0.2893482545143521,-0.14981992636333744,1.1058646976879607
0.016999999999888882,0.1,0.030490161967206664,2.8271096971726952,0.27803935213117337,-0.15981985113900005,1.1161157659836758
0.01799999999988877,0.1,0.03342269128600527,2.932453078277408,0.2663092348559789,-0.16981977539919252,1.1062202159562367
0.01899999999988866,0.1,0.036623683492786,3.200804435657581,0.25350526602885604,-0.1795148206473023,1.1127099198160522
0.01999999999988855,0.1,0.03935904768928471,2.735468850209457,0.2425638092428612,-0.1869607485569074,1.1267712080150993
0.02099999999988844,0.1,0.042904979979513175,3.545795121427769,0.22838008008194732,-0.19256851706326486,1.1002600763334756
0.02199999999988833,0.1,0.04598513636996538,3.0798139078060096,0.2160594545201385,-0.1961975107306676,1.1238215378858003
0.02299999999988822,0.1,0.048991600125943155,3.006361003903351,0.2040335994962274,-0.19823173816750292,1.1109231465834757
0.02399999999988811,0.1,0.05181538227014578,2.823745192826496,0.1927384709194169,-0.19886001106433893,1.1111631633677514
0.024999999999888,0.1,0.05447375501936937,2.658420032806529,0.18210497992252253,-0.19829588116579477,1.1106358838057577
0.02599999999988789,0.1,0.05786540438132632,3.3915831419858415,0.16853838247469474,-0.19672465770688718,1.1055195616928408
0.02699999999988778,0.1,0.060705710098567206,2.8402895559181527,0.1571771596057312,-0.19395361743265782,1.117164877787219
0.02799999999988767,0.1,0.06363910694425635,2.933442155928782,0.1454435722229746,-0.19032318918788016,1.1055579307151322
0.02899999999988756,0.1,0.06631089099620169,2.6718255436317926,0.13475643601519327,-0.18588200145312095,1.1144201519887922
0.02999999999988745,0.1,0.06903675159248739,2.725896399003578,0.12385299363005048,-0.1808157094141739,1.106052646798951
0.03099999999988734,0.1,0.07137244038439873,2.3357717935447644,0.1145102384624051,-0.1751651344015167,1.1248099561633904
0.03199999999988723,0.1,0.07377958133607287,2.407275182909684,0.10488167465570852,-0.16914474349875375,1.1099415435338356
0.03299999999988712,0.1,0.07601455721646655,2.235086348603458,0.09594177113413382,-0.16276289163332647,1.1177290092450773
0.03399999999988701,0.1,0.07832470306260257,2.3102463002933082,0.08670118774958974,-0.15612457432123017,1.1112883736601913
0.0349999999998869,0.1,0.08048012955696424,2.1555447330206516,0.07807948177214308,-0.14922533509057911,1.1194702515984092
0.03599999999988679,0.1,0.08275732159678775,2.2773030028646755,0.06897071361284901,-0.14215314299746706,1.1096235767246474
0.03699999999988668,0.1,0.084913803401498,2.156578710918052,0.06034478639400803,-0.13487656546127658,1.115603685365805
0.03799999999988657,0.1,0.08706542275823322,2.1517033209652103,0.05173830896706716,-0.12746430840245127,1.1055901700258164
0.03899999999988646,0.1,0.08913033797751209,2.0649813372005115,0.043478648089951666,-0.11993187576565256,1.115862524856435
0.03999999999988635,0.1,0.09103071038109622,1.9004452560518743,0.03587715847561512,-0.1123259554070527,1.1072820785741642
0.04099999999988624,0.1,0.09293139829073047,1.9007534403444382,0.02827440683707816,-0.10471971393217705,1.1123649980183028
0.04199999999988613,0.1,0.09480504788914067,1.873728030731298,0.020779808443437353,-0.09711305660811875,1.1103028964132486
0.04299999999988602,0.1,0.09655484332950341,1.7498522713889215,0.013780626681986374,-0.08951684236948709,1.1087739778608283
0.04399999999988591,0.1,0.09829560822835456,1.7408077764285363,0.006817567086581766,-0.0819795734508103,1.1103537318085464
0.0449999999998858,0.1,0.09996907002770723,1.673495163078233,0.00012371988917109222,-0.07449897134740568,1.1120695265619889
0.04599999999988569,0.1,0.10157344962188088,1.604407182002275,-0.006293798487523483,-0.06709629949888318,1.1118938394333047
0.04699999999988558,0.1,0.10311686291197271,1.5434207862562872,-0.012467451647890815,-0.05979140950976303,1.1088502709386514
0.04799999999988547,0.1,0.10466615673084886,1.5492972635905289,-0.018664626923395433,-0.05259891796353455,1.1282109012433639
0.04899999999988536,0.1,0.10618470618179833,1.5185500397428897,-0.024738824727193298,-0.0455052452929271,1.1002759417695245
0.04999999999988525,0.1,0.10774330430769986,1.5585937929940827,-0.030973217230799432,-0.03851281694215414,1.1662000410445328
0.05099999999988514,0.1,0.1091635790204947,1.4202573964991636,-0.03665431608197878,-0.0315954967724158,1.113381016356028
0.05199999999988503,0.1,0.11051697994170409,1.3533933091522934,-0.04206791976681634,-0.02480111262472595,1.1132657641037738
0.05299999999988492,0.1,0.11181400626435231,1.2970469922060637,-0.04725602505740922,-0.018144135285468876,1.1138470689370843
0.05399999999988481,0.1,0.11310925154872771,1.2952796594483744,-0.05243700619491082,-0.011633389645366754,1.1283194391062499
0.0549999999998847,0.1,0.1143475840323829,1.238338682645872,-0.057390336129531594,-0.005254978869385751,1.1283878264976415
0.05599999999988459,0.1,0.11553154719532671,1.1839315266131603,-0.062126188781306824,0.0009815678743040346,1.1286280574294594
0.056999999999884476,0.1,0.11668950364911532,1.1579682538294347,-0.06675801459646125,0.007068632570005229,1.1076044096223487
0.057999999999884366,0.1,0.11787788151081534,1.1884388963324972,-0.07151152604326133,0.013010781327249199,1.1205922689015517
0.058999999999884256,0.1,0.11901155414498822,1.1337010975456567,-0.07604621657995286,0.0188346533377578,1.1112499822325048
0.059999999999884146,0.1,0.1200928291005326,1.0812804177039155,-0.08037131640213035,0.024530181455895694,1.1127137120820507
0.060999999999884036,0.1,0.12113284504339668,1.040004196058146,-0.08453138017358669,0.03008922653935253,1.1096028014167174
0.061999999999883926,0.1,0.12212834468351731,0.9955446667649492,-0.08851337873406923,0.035508919156063024,1.104023227733342
0.06299999999988382,0.1,0.1231214201483481,0.9931651486711259,-0.0924856805933924,0.040785373729874785,1.1148952354674093
0.0639999999998837,0.1,0.12406505210032888,0.9437593269321081,-0.0962602084013155,0.04593193121503847,1.1054940503014041
0.0649999999998836,0.1,0.125014855069367,0.9498801133410365,-0.10005942027746795,0.050941789760308276,1.1408374358804474
0.06599999999988349,0.1,0.12589085481629306,0.8761156581432424,-0.10356341926517221,0.05583107518504493,1.1000277877093052
0.06699999999988338,0.1,0.1268139284858526,0.9233592346981331,-0.10725571394341038,0.060582311046922244,1.125448187655285
0.06799999999988326,0.1,0.12767061528619003,0.8568842605626614,-0.1106824611447601,0.065228120567555,1.111626858651224
0.06899999999988315,0.1,0.12848123433937522,0.8107914459506246,-0.11392493735750087,0.06975247959519193,1.1122731276742652
0.06999999999988304,0.1,0.1292501481905069,0.7690594045600957,-0.11700059276202757,0.07414909298766992,1.111511685308875
0.07099999999988293,0.1,0.12997798662520643,0.7279664721399992,-0.1199119465008257,0.07841403998089069,1.1112897568868527
0.07199999999988282,0.1,0.13066575936603583,0.6878880422434349,-0.12266303746414331,0.08254404348897071,1.1113445554136754
0.07299999999988271,0.1,0.13130561007557714,0.6401231135909651,-0.12522244030230856,0.08653655746535949,1.1009647734805366
0.0739999999998826,0.1,0.1320230488608569,0.7176783360998468,-0.12809219544342754,0.09038614747149121,1.1531095840882655
0.0749999999998825,0.1,0.1326214468277605,0.5986907364912987,-0.130485787311042,0.09413813088263157,1.0981242956687507
0.07599999999988238,0.1,0.133305579504846,0.6847717588458632,-0.133222318019384,0.09775464080404517,1.1282995433081964
0.07699999999988227,0.1,0.13394976746206116,0.6447083823798311,-0.13579906984824464,0.1012835078033355,1.1131247844569945
0.07799999999988216,0.1,0.13455097629809623,0.6016966383130012,-0.1382039051923849,0.1047175089778648,1.113932646819707
0.07899999999988205,0.1,0.13511613114693863,0.5656067043174698,-0.1404645245877545,0.10804892894808449,1.1128650220800962
0.07999999999988194,0.1,0.13564490573365398,0.5292080084372313,-0.1425796229346159,0.11127359349017019,1.112458714183066
0.08099999999988183,0.1,0.13613790685815502,0.4934250772257503,-0.14455162743262007,0.11438761493964977,1.1123814290099547
0.08199999999988172,0.1,0.13659610731391525,0.4586205343552664,-0.14638442925566097,0.11738773678852399,1.112484885240221
0.08299999999988161,0.1,0.13700803994192787,0.41253757615717596,-0.14803215976771145,0.12027141684505394,1.1026256164082733
0.0839999999998815,0.1,0.13750092857348656,0.49336391322986767,-0.1500037142939462,0.12303177932257603,1.1656001164569303
0.08499999999988139,0.1,0.13784301062769314,0.34257313687044766,-0.15137204251077252,0.1257135300802258,1.094488554926464
0.08599999999988128,0.1,0.13832265332495594,0.4807166913905539,-0.15329061329982374,0.12826419817038615,1.1282456222213912
0.08699999999988117,0.1,0.13872675652950542,0.40492550894970036,-0.15490702611802165,0.13075190569869977,1.147916434216068
0.08799999999988106,0.1,0.13907818128637867,0.3520959239655093,-0.15631272514551464,0.1331527255111823,1.1084514045788512
0.08899999999988095,0.1,0.1395021927317538,0.4247768684706744,-0.15800877092701515,0.13545426551071726,1.1418776752184492
0.08999999999988084,0.1,0.13981492537898485,0.31342046424802456,-0.15925970151593938,0.1376954816774424,1.110614217792674
0.09099999999988073,0.1,0.14020814401916326,0.3939551190886865,-0.16083257607665302,0.13983788533357233,1.142126597190211
0.09199999999988062,0.1,0.14048139568409396,0.2741101348017413,-0.1619255827363758,0.14192354559358356,1.1022480278693654
0.09299999999988051,0.1,0.14082937952878571,0.34900799853658154,-0.16331751811514283,0.14391014068579067,1.1795696970754397
0.0939999999998804,0.1,0.14121086695443655,0.38199628390449086,-0.16484346781774617,0.14583746578676193,1.1155655824084862
0.09499999999988029,0.1,0.14156297305007715,0.35289875402516463,-0.16625189220030856,0.14772484271978004,1.113679043945019
0.09599999999988018,0.1,0.14189052299277827,0.32854347520033966,-0.16756209197111305,0.1495645093433714,1.1171702965123864
0.09699999999988007,0.1,0.14218707081319842,0.29769952473313194,-0.16874828325279367,0.15135140937461034,1.116165670288199
0.09799999999987996,0.1,0.14247652569121766,0.2906789205220123,-0.16990610276487061,0.15307841263656352,1.128150993336567
0.09899999999987985,0.1,0.14273363268566633,0.2582023615334099,-0.1709345307426653,0.1547486658669618,1.1282149052611712
0.09999999999987974,0.1,0.14295982609292762,0.22716369814790935,-0.17183930437171047,0.15635489856496376,1.1283783238807275
0.10099999999987963,0.1,0.14324691964143133,0.28803267428067647,-0.17298767856572528,0.1578911413960068,1.112444342655073
0.10199999999987952,0.1,0.14349728741798276,0.2513746004153744,-0.17398914967193102,0.15938874723667917,1.1252415566668574
0.10299999999987941,0.1,0.14376524205059776,0.2689136241331653,-0.17506096820239103,0.16083688619198144,1.1117940701342939
0.1039999999998793,0.1,0.144015075673012,0.2508551812811138,-0.17606030269204798,0.1622475353504328,1.1139774599525727
0.10499999999987919,0.1,0.144271278682368,0.25720997427134135,-0.17708511472947197,0.163617191189935,1.1085482601775882
0.10599999999987908,0.1,0.14450917227279547,0.23894414124816069,-0.17803668909118187,0.16495249699607106,1.1125494697277032
0.10699999999987897,0.1,0.14474772902032532,0.2396178067382757,-0.17899091608130124,0.16624956115389777,1.1098287436585887
0.10799999999987886,0.1,0.14494567102895564,0.19905151031796156,-0.17978268411582254,0.16751246840323442,1.1113389718277664
0.10899999999987875,0.1,0.145149928785688,0.2053161793566847,-0.18059971514275197,0.1687283850020359,1.113405865620463
0.10999999999987864,0.1,0.14531816142829931,0.16930887001309977,-0.18127264571319723,0.16990453118056303,1.1050985195960543
0.11099999999987853,0.1,0.14552064420810074,0.20367026532411975,-0.18208257683240292,0.17103047037531083,1.112750174788772
0.11199999999987842,0.1,0.14571444856403645,0.19496641012181487,-0.1828577942561458,0.17212491915951278,1.1112857668204519
0.11299999999987831,0.1,0.14586898496626227,0.15565034749238457,-0.18347593986504906,0.17318755160037347,1.1128845737751039
0.1139999999998782,0.1,0.14600419877328658,0.13630611516791594,-0.18401679509314628,0.17420583828854996,1.1095743322212108
0.11499999999987809,0.1,0.14619500061554153,0.19193509485975396,-0.18478000246216608,0.1751764807380406,1.1091254807899282
0.11599999999987798,0.1,0.14636001664401094,0.16617887321720318,-0.18544006657604373,0.17612647545356508,1.113240838657004
0.11699999999987787,0.1,0.14648995359393321,0.13116017246167141,-0.18595981437573283,0.17704756968874114,1.105558047209127
0.11799999999987776,0.1,0.14662435745143287,0.13559941496770933,-0.18649742980573147,0.17792861863100973,1.1360917706992752
0.11899999999987765,0.1,0.14666745144802457,0.044323826783969324,-0.18666980579209824,0.1787754095346875,1.1001697259822538
0.11999999999987754,0.1,0.14677184417631242,0.10601482348514644,-0.18708737670524966,0.1795548393666483,1.124548022353011
0.12099999999987743,0.1,0.14704225059811393,0.2717016990072939,-0.1881690023924557,0.18029815783667102,1.1105387067786865
0.12199999999987732,0.1,0.14713876426601244,0.09775024164035068,-0.18855505706404974,0.18107538522847888,1.1222623776934308
0.12299999999987721,0.1,0.14721691112801222,0.07940516087394739,-0.18886764451204885,0.1818135701353759,1.1029967794144204
0.1239999999998771,0.1,0.14732670449401297,0.11114263524565869,-0.18930681797605187,0.1825092662576232,1.1426438576376523
0.12499999999987699,0.1,0.14730940554128355,-0.015890421374004735,-0.18923762216513418,0.18317937763555625,1.0998199933864832
0.12599999999987688,0.1,0.14736181788912253,0.054083739132707344,-0.1894472715564901,0.18377561936764997,1.180808166986049
0.12699999999987677,0.1,0.14749949468283793,0.1385920740932049,-0.1899979787313517,0.18433326036486142,1.1154702589196397
0.12799999999987666,0.1,0.14759629646438777,0.09815965885429026,-0.19038518585755104,0.18489026244067974,1.1108765214608507
0.12899999999987655,0.1,0.14767953630905087,0.08477544452460627,-0.19071814523620345,0.1854303403766956,1.1429721719025148
0.12999999999987644,0.1,0.14764175878579772,-0.036335146643028345,-0.19056703514319084,0.18594975916066458,1.1103438673031303
0.13099999999987633,0.1,0.14773911756612282,0.09893513951048626,-0.19095647026449125,0.18640217168803075,1.1421687162430165
0.13199999999987622,0.1,0.14770144355398374,-0.03607287401013695,-0.19080577421593492,0.18684833156778125,1.1066248887935806
0.1329999999998761,0.1,0.14772039300752768,0.020654312553576543,-0.1908815720301107,0.18723484579169425,1.1738992599100169
0.133999999999876,0.1,0.14783676668324827,0.11740508521958436,-0.19134706673299307,0.18759032666741293,1.1128329955105825
0.13499999999987589,0.1,0.14790933398088052,0.07406578595210016,-0.19163733592352206,0.1879568442217302,1.1105143631974759
0.13599999999987578,0.1,0.14796764223475767,0.06000491412361581,-0.19187056893903065,0.18831577411079847,1.1413134147087907
0.13699999999987567,0.1,0.14794260561088535,-0.023470790250286356,-0.19177042244354137,0.18866216957584803,1.11205360351035
0.13799999999987556,0.1,0.1479862809043324,0.045182595941114366,-0.19194512361732963,0.18896394235037361,1.1514037187537998
0.13899999999987545,0.1,0.1478734710270738,-0.11128647540651436,-0.19149388410829515,0.18925303727509724,1.099809129065351
0.13999999999987534,0.1,0.1478552980317445,-0.016355070829231128,-0.19142119212697795,0.18946812182343875,1.1875165442712454
0.14099999999987523,0.1,0.14796618308538068,0.11188382353922365,-0.19186473234152268,0.18965445030525585,1.1144583391123968
0.14199999999987512,0.1,0.1480553610608513,0.09059064123295532,-0.19222144424340515,0.18986652009723903,1.1157782742097508
0.142999999999875,0.1,0.14809196077449333,0.03813129858678917,-0.19236784309797328,0.19009307721008517,1.1297181954695144
0.1439999999998749,0.1,0.14811524994259995,0.024862062255622715,-0.19246099977039977,0.1903116409754141,1.110951296883173
0.14499999999987478,0.1,0.14816251155302665,0.04889142657872379,-0.19265004621210657,0.19051768595324126,1.1393708108879672
0.14599999999987467,0.1,0.14809338172815922,-0.06763192199099091,-0.19237352691263687,0.19072205215874372,1.109165696376704
0.14699999999987456,0.1,0.14812524293314638,0.03349341037213531,-0.1925009717325855,0.19087834777556145,1.1190824822103977
0.14799999999987445,0.1,0.14811043269190008,-0.013177010855440978,-0.1924417307676003,0.19103177294584273,1.1053603067623605
0.14899999999987434,0.1,0.14816083866461674,0.05204062117532076,-0.19264335465846694,0.19116394610294896,1.1335769850580215
0.14999999999987423,0.1,0.14810858084555237,-0.050596871602618824,-0.19243432338220945,0.1913030787070934,1.1003596736212549
0.15099999999987412,0.1,0.1480942679485735,-0.012439395838526573,-0.19237707179429397,0.1914074067290722,1.1700656140958687
0.151999999999874,0.1,0.14817854408123382,0.08541542266990543,-0.19271417632493526,0.19149558804618805,1.113597242969961
0.1529999999998739,0.1,0.14819914456184088,0.022172470403419055,-0.19279657824736351,0.19160867180071384,1.1088686006851003
0.1539999999998738,0.1,0.14821782331889857,0.020483484709205527,-0.19287129327559427,0.19171869961606947,1.1423656145428012
0.15499999999987368,0.1,0.14814480790596982,-0.07134318300545706,-0.19257923162387924,0.1918252073382748,1.1114995145309534
0.15599999999987357,0.1,0.1481490535554642,0.0058990951703230925,-0.1925962142218568,0.19189186613720788,1.1532378274428574
0.15699999999987346,0.1,0.14801349429023827,-0.1339659585740235,-0.19205397716095307,0.1919535637980122,1.102437221752549
0.15799999999987335,0.1,0.14802505310052447,0.01343324481098789,-0.19210021240209785,0.19195486978104326,1.1764938626075838
0.15899999999987324,0.1,0.14808451951493243,0.06059157311326123,-0.1923380780597297,0.1919606714995702,1.1172677345577133
0.15999999999987313,0.1,0.1480707103771216,-0.012284888174915123,-0.1922828415084864,0.19198968125315352,1.1088257141233715
0.16099999999987302,0.1,0.14811303585296917,0.044113007913670295,-0.19245214341187666,0.19201026980823743,1.13544363597008
0.1619999999998729,0.1,0.1481286699619071,0.017126780874174522,-0.19251467984762838,0.19204573390147195,1.135216721476346
0.1629999999998728,0.1,0.14806669539876766,-0.06048155596485041,-0.1922667815950706,0.19208390976821355,1.1115742263992263
0.1639999999998727,0.1,0.14810014413584027,0.03508097729603691,-0.19240057654336107,0.19209348144971072,1.1180603938374318
0.16499999999987258,0.1,0.14815715993924664,0.05855258218462299,-0.19262863975698652,0.1921154778596078,1.1100631545166835
0.16599999999987247,0.1,0.1481784374556998,0.022817881430121912,-0.1927137498227992,0.19215808545791335,1.1111540597767915
0.16699999999987236,0.1,0.14817581616525421,-0.0010895355440813717,-0.19270326466101684,0.19220494891672824,1.1106470826261026
0.16799999999987225,0.1,0.1482356439000035,0.061342733345654085,-0.19294257560001393,0.1922460833227474,1.1107365437782404
0.16899999999987214,0.1,0.1482622170184314,0.028114275258619564,-0.19304886807372557,0.19230704136985077,1.1088324384794763
0.16999999999987203,0.1,0.14831152733423122,0.05087659467164482,-0.19324610933692488,0.19237254128917292,1.112083476729096
0.17099999999987192,0.1,0.14832093009467134,0.01087450227706285,-0.19328372037868535,0.19245122314510665,1.1141808807459719
0.1719999999998718,0.1,0.14831828779180006,-0.001091937427664353,-0.19327315116720023,0.19252580616719472,1.1051048537590755
0.1729999999998717,0.1,0.14833594329277477,0.01922020380098567,-0.19334377317109908,0.19259188176251885,1.1392562602439142
0.1739999999998716,0.1,0.14825054104966626,-0.08382051498541995,-0.193002164198665,0.1926584190628825,1.1002447048830106
0.17499999999987148,0.1,0.14821466067827138,-0.03408567086134655,-0.1928586427130855,0.19268414580618975,1.1771123338109442
0.17599999999987137,0.1,0.1483138119845458,0.10024956647644878,-0.19325524793818316,0.19269295160194544,1.1105079848484452
0.17699999999987126,0.1,0.1483573648163641,0.04507730496670612,-0.1934294592654564,0.1927405407984054,1.1193227409194333
0.17799999999987115,0.1,0.14837079571070325,0.014962231595822443,-0.19348318284281296,0.1928007987390542,1.1200867809467132
0.17899999999987104,0.1,0.14836113663283834,-0.008128062942257902,-0.19344454653135335,0.1928604101122332,1.1193484541211223
0.17999999999987093,0.1,0.1483274572463861,-0.032126701191456324,-0.19330982898554439,0.19291020256930091,1.119131574432467
0.18099999999987082,0.1,0.14827021920013753,-0.05565299347087928,-0.19308087680055008,0.19294154803762675,1.1191846850757565
0.1819999999998707,0.1,0.1483149374422544,0.046273957016717444,-0.1932597497690176,0.19294686622708623,1.1150609875056796
0.1829999999998706,0.1,0.14831444879496988,0.0010963882283408,-0.1932577951798795,0.19296954167036573,1.1088579642779808
0.1839999999998705,0.1,0.14836414127750744,0.05126733074859856,-0.19345656511002973,0.1929897579115295,1.1137591887711664
0.18499999999987038,0.1,0.14843711171985893,0.0744405568216391,-0.1937484468794357,0.1930278339256285,1.108463238823887
0.18599999999987027,0.1,0.14848343607935138,0.04784316197462568,-0.1939337443174055,0.19309129719230145,1.1080566986278182
0.18699999999987016,0.1,0.14854773855538822,0.06586299950547843,-0.19419095422155286,0.19316695317124088,1.1107173186034855
0.18799999999987005,0.1,0.14860592603005918,0.05971264270797297,-0.19442370412023668,0.19326077423553267,1.111142966234067
0.18899999999986994,0.1,0.14863383171800557,0.02937635152996864,-0.19453532687202224,0.1933684995462649,1.1115071739718847
0.18999999999986983,0.1,0.14871652207214897,0.08415749115050565,-0.19486608828859586,0.19347662673592636,1.1082091990390113
0.19099999999986972,0.1,0.14878726407136011,0.0723381502122786,-0.19514905628544044,0.19360703156156644,1.1103689480358316
0.1919999999998696,0.1,0.14883494818582102,0.04930071522491552,-0.19533979274328406,0.19375270733279726,1.1172282537439011
0.1929999999998695,0.1,0.1488780939179123,0.04464792100726143,-0.19551237567164914,0.19390290554307266,1.113603299274995
0.1939999999998694,0.1,0.1488877079274184,0.01116832768095799,-0.19555083170967358,0.19405535767211257,1.1056428258552549
0.19499999999986928,0.1,0.14889945389140316,0.013274350209069585,-0.19559781556561262,0.19419642545829918,1.1365272103429662
0.19599999999986917,0.1,0.1488180260294818,-0.07989248314174137,-0.19527210411792717,0.1943280984609791,1.1003251454648382
0.19699999999986906,0.1,0.14877650825740552,-0.03982187610773294,-0.19510603302962204,0.19441404304861776,1.1730891606604859
0.19799999999986895,0.1,0.14853132493227658,-0.24361713409218766,-0.1941252997291063,0.19447479229472153,1.0993725498394844
0.19899999999986884,0.1,0.14850645160537632,-0.02262330180615895,-0.19402580642150524,0.194431391881289,1.1317117751223074
0.19999999999986873,0.1,0.1485271490888717,0.02251629749048813,-0.19410859635548683,0.19438237666993707,1.1165624801301004
0.20099999999986862,0.1,0.14852202437022416,-0.003481428398018969,-0.19408809748089662,0.19434653880709885,1.1056829163448074
0.2019999999998685,0.1,0.1484938461763625,-0.026472775452131524,-0.19397538470544995,0.19431223247145102,1.104764514510894
0.2029999999998684,0.1,0.14854458727941833,0.0523652953500009,-0.1941783491176733,0.19427008229094422,1.1158932360949538
0.2039999999998683,0.1,0.14856654318709828,0.023310923910564708,-0.19426617274839308,0.19425244245017215,1.1161239555556406
0.20499999999986818,0.1,0.148553448839781,-0.011619768961286255,-0.19421379535912398,0.19424534893276846,1.1002810363479454
0.20599999999986807,0.1,0.14854214349075642,-0.009762853824861,-0.19416857396302567,0.1942337271312704,1.156425140259923
0.20699999999986796,0.1,0.1486391102896703,0.0980063095482626,-0.1945564411586812,0.19421874637369463,1.1085585366730295
0.20799999999986785,0.1,0.1487080666977988,0.07036098100178366,-0.19483226679119514,0.1942440521954163,1.1141803294128505
0.20899999999986774,0.1,0.14874900156967774,0.04245827197098435,-0.19499600627871094,0.19429441584552354,1.115217740906578
0.20999999999986763,0.1,0.1487593707421031,0.011843298828962318,-0.1950374829684124,0.19435612378531708,1.115936104590148
0.21099999999986752,0.1,0.14874530106289288,-0.012651631127080478,-0.1949812042515715,0.19441581545268694,1.1156243708241522
0.2119999999998674,0.1,0.14872940558766023,-0.014372194437887313,-0.19491762235064092,0.19446391556016973,1.1078752766255735
0.2129999999998673,0.1,0.14876413954216458,0.03638077761797931,-0.1950565581686583,0.19450085332869893,1.1147645084612425
0.21399999999986719,0.1,0.1487525214877972,-0.01011295512753156,-0.19501008595118874,0.19454799522275312,1.1182558011035006
0.21499999999986708,0.1,0.1487249179066445,-0.026041366036650287,-0.19489967162657795,0.19458578023794537,1.10497838430844
0.21599999999986697,0.1,0.14872348317598272,0.00012658777231629365,-0.19489393270393085,0.1946087488471857,1.1446181408189453
0.21699999999986685,0.1,0.14860380216915595,-0.11815154377033361,-0.19441520867662376,0.19462884905858502,1.1003309692453926
0.21799999999986674,0.1,0.1486071769100755,0.0051836537864722535,-0.19442870764030196,0.19459906545588623,1.1701982981622767
0.21899999999986663,0.1,0.14868944169346573,0.08343712585873117,-0.19475776677386292,0.1945736099772093,1.1139840495327293
0.21999999999986652,0.1,0.14874998302325707,0.062037081308735,-0.19499993209302824,0.1945836060679378,1.1156508074113738
0.22099999999986641,0.1,0.14875597742003704,0.00751520210461063,-0.19502390968014816,0.1946168229143872,1.129268139122122
0.2219999999998663,0.1,0.1487520885775492,-0.0024117978253015643,-0.1950083543101968,0.1946491196228557,1.1108922011807474
0.2229999999998662,0.1,0.14881814445121042,0.06758989720456725,-0.19527257780484164,0.19467663519669198,1.1271375086910933
0.22399999999986608,0.1,0.14889423002969504,0.07754006353922278,-0.19557692011878014,0.19472782850637138,1.1096168698595232
0.22499999999986597,0.1,0.14890302881245468,0.010363352255446281,-0.1956121152498187,0.19480434399479574,1.1315911436326291
0.22599999999986586,0.1,0.14885871406737888,-0.042676536039616804,-0.1954348562695155,0.1948767353047689,1.1050300267523845
0.22699999999986575,0.1,0.1488251194877188,-0.03184064090203668,-0.19530047795087513,0.19492416767747134,1.163614741603259
0.22799999999986564,0.1,0.14889644535461072,0.0724928419116959,-0.19558578141844285,0.19495342430900386,1.1110262098655894
0.22899999999986553,0.1,0.14891294264852714,0.018076700392733132,-0.19565177059410854,0.19500829001594333,1.1143166360710222
0.22999999999986542,0.1,0.148904180864783,-0.00706375285611165,-0.19561672345913195,0.195064274719698,1.137808278962262
0.2309999999998653,0.1,0.14885046255272805,-0.05210567082384984,-0.19540185021091216,0.19511116138778473,1.1119814960125811
0.2319999999998652,0.1,0.14885056464093685,0.0016607506117694505,-0.19540225856374738,0.1951318754913247,1.1491884721301167
0.2329999999998651,0.1,0.14872385409329944,-0.12520826760656004,-0.19489541637319774,0.19515056121598473,1.1030008054287366
0.23399999999986498,0.1,0.1486942815834841,-0.027687504216269615,-0.1947771263339364,0.19511669306139368,1.1264161372810382
0.23499999999986487,0.1,0.14872533979392563,0.032561935062931514,-0.1949013591757025,0.1950743785442679,1.111144504097113
0.23599999999986476,0.1,0.14873343351919113,0.009492315665101662,-0.1949337340767645,0.1950487165062338,1.1081403805805208
0.23699999999986465,0.1,0.1487184906002967,-0.013591403805460226,-0.19487396240118682,0.19502885715365625,1.1073657199286038
0.23799999999986454,0.1,0.1486794167061267,-0.03774600811295447,-0.19471766682450675,0.19500500502971896,1.1071423749366516
0.23899999999986443,0.1,0.14862271465891685,-0.05529284105614193,-0.1944908586356674,0.19496790563685007,1.1037517379579385
0.23999999999986432,0.1,0.1486750762755204,0.05383672803587528,-0.19470030510208158,0.1949118318251939,1.1107652411377846
0.2409999999998642,0.1,0.14868396196481523,0.010312492389009748,-0.1947358478592609,0.19488230665115047,1.113222784126253
0.2419999999998641,0.1,0.14875763500114209,0.07507461328983278,-0.19503054000456832,0.1948592875805506,1.1084361650662045
0.242999999999864,0.1,0.14876538095588263,0.0090931388022195,-0.19506152382353048,0.19486804059735618,1.1271892258747853
0.24399999999986388,0.1,0.14872496804171184,-0.038967434107132666,-0.19489987216684734,0.19487901839693755,1.100286721130445
0.24499999999986377,0.1,0.14868782003693648,-0.035519144975329084,-0.1947512801477459,0.1948727340026828,1.1628077506655643
0.24599999999986366,0.1,0.14849917094556278,-0.18717996926717959,-0.1939966837822511,0.19485221701497668,1.1029708257603505
0.24699999999986355,0.1,0.14848334362021273,-0.013866455866674501,-0.1939333744808509,0.19475828536293438,1.1271729047695382
0.24799999999986344,0.1,0.14841830372056547,-0.06345672298159366,-0.19367321488226186,0.19466740615767453,1.132586600998881
0.24899999999986333,0.1,0.14833544811704094,-0.08141133187086276,-0.19334179246816374,0.1945595887647924,1.1083656513861886
0.24999999999986322,0.1,0.14839949221645257,0.06552949781452033,-0.19359796886581027,0.19442939929806524,1.1289131549983549
0.2509999999998631,0.1,0.14836487537288756,-0.03309079434176492,-0.19345950149155022,0.1943378376690399,1.1059178612373528
0.251999999999863,0.1,0.14833365564531467,-0.02968384128296295,-0.19333462258125866,0.194241577037503,1.1607934288020942
0.2529999999998629,0.1,0.14816647577191683,-0.1657455977917513,-0.1926659030876673,0.19414244487669396,1.1002990675599642
0.2539999999998628,0.1,0.14817251090255917,0.008039403291526926,-0.19269004361023667,0.1939863412795928,1.12691444600795
0.25499999999986267,0.1,0.14818223754008591,0.011418331698887823,-0.19272895016034364,0.1938482476076544,1.1167137674561007
0.25599999999986256,0.1,0.14816137459967677,-0.019536795426655422,-0.19264549839870704,0.19372784258273867,1.1179044280476473
0.25699999999986245,0.1,0.14813446574077704,-0.02578074131171654,-0.19253786296310815,0.19361112192356256,1.1071009173106077
0.25799999999986234,0.1,0.14808274380121994,-0.05054247728392531,-0.19233097520487974,0.19349529923828435,1.106669210764312
0.25899999999986223,0.1,0.14800733950665884,-0.07415956763020669,-0.19202935802663534,0.19337035841814298,1.1066120748156114
0.2599999999998621,0.1,0.14790917555633165,-0.09684694051426411,-0.19163670222532658,0.1932277365667412,1.1067254475968968
0.260999999999862,0.1,0.14800389208961762,0.09606067848931131,-0.19201556835847045,0.19306009680053648,1.1068857682579327
0.2619999999998619,0.1,0.14802280879467408,0.02021104058088626,-0.1920912351786963,0.19294709568111656,1.1296730198154485
0.2629999999998618,0.1,0.14799621208483055,-0.025196918721743827,-0.19198484833932217,0.19285295253572432,1.098784509980741
0.2639999999998617,0.1,0.1479787921263256,-0.015788415498235196,-0.19191516850530232,0.19275757697381124,1.1677029762328468
0.26499999999986157,0.1,0.14806811106336554,0.09031466708955045,-0.19227244425346213,0.19266476388346998,1.1131463454072408
0.26599999999986146,0.1,0.14810135756524384,0.034580868842909236,-0.19240543026097534,0.19261695396790568,1.1165706596761258
0.26699999999986135,0.1,0.14814996171737488,0.05008061130205672,-0.1925998468694995,0.19258722175602472,1.1271625353753292
0.26799999999986124,0.1,0.14818990109992386,0.041320258313421294,-0.19275960439969542,0.19257990482464837,1.118472621651056
0.26899999999986113,0.1,0.14820014495699338,0.011670353343426915,-0.1928005798279735,0.1925892965166991,1.1065607630477592
0.269999999999861,0.1,0.14821658978622929,0.01781431849910172,-0.19286635914491712,0.19260184908875466,1.1386910509482389
0.2709999999998609,0.1,0.14814671428044202,-0.06850517267940053,-0.19258685712176804,0.19261972653529202,1.1000710338155937
0.2719999999998608,0.1,0.14814085811831548,-0.004082879162169839,-0.1925634324732619,0.19260786706178123,1.124509902937285
0.2729999999998607,0.1,0.14836528179281097,0.22577699794164865,-0.19346112717124386,0.19259484994553677,1.110490714992028
0.2739999999998606,0.1,0.14855487621555694,0.19088858942207665,-0.19421950486222772,0.19267291218829907,1.1099036978046395
0.27499999999986047,0.1,0.14863712555909675,0.08364166777486776,-0.19454850223638698,0.1928190211143601,1.1082123538061084
0.27599999999986036,0.1,0.14871196086021654,0.07631980364640023,-0.19484784344086614,0.192983437246105,1.109808828038215
0.27699999999986025,0.1,0.14871963817090245,0.009045200597336489,-0.19487855268360976,0.1931613638166283,1.1288295920619118
0.27799999999986014,0.1,0.14867812715998288,-0.04009447691979812,-0.1947125086399315,0.19332458559365673,1.100223372959718
0.27899999999986,0.1,0.14870248071125935,0.02601275798482744,-0.1948099228450374,0.19345489525605508,1.152865651261224
0.2799999999998599,0.1,0.14879282559068682,0.09159010949543797,-0.19517130236274727,0.19358193027442105,1.1110384671164781
0.2809999999998598,0.1,0.14883537152601395,0.044078580814528076,-0.19534148610405577,0.1937324143852992,1.1171708819728026
0.2819999999998597,0.1,0.1488461339790799,0.012271325977552277,-0.19538453591631955,0.19388488412088822,1.1181754036518838
0.2829999999998596,0.1,0.14883370145295136,-0.010958389604022544,-0.1953348058118054,0.19402642691326033,1.1175757017317776
0.2839999999998595,0.1,0.1487974448081376,-0.034796601274658646,-0.19518977923255043,0.19414885551436356,1.1174259379675442
0.28499999999985937,0.1,0.14886738856445775,0.07141345153508283,-0.19546955425783097,0.1942445501044876,1.1111154912473007
0.28599999999985926,0.1,0.14890758826720318,0.04168516488129162,-0.1956303530688127,0.19435866382962885,1.1212610996667358
0.28699999999985915,0.1,0.14899245430249602,0.08631863062047562,-0.19596981720998408,0.1944774595443901,1.1084928594056607
0.28799999999985904,0.1,0.14901728749182583,0.02637719804388297,-0.1960691499673033,0.19461833625417313,1.1278990361698582
0.2889999999998589,0.1,0.14909101969319188,0.0751439800889406,-0.19636407877276751,0.19475507397411018,1.1099054529378647
0.2899999999998588,0.1,0.1491427788832589,0.05333340510472727,-0.19657111553303552,0.19490764600432176,1.1174259911225441
0.2909999999998587,0.1,0.149152057886644,0.010746577486941519,-0.19660823154657603,0.19506568117471357,1.1303446577351586
0.2919999999998586,0.1,0.14911808320245581,-0.03244513278354004,-0.19647233280982324,0.19521163956438503,1.1046274194941714
0.2929999999998585,0.1,0.14909002098817936,-0.026483043143721862,-0.19636008395271742,0.19532942534974929,1.1645057140698825
0.2939999999998584,0.1,0.14890969995241252,-0.17883855519586275,-0.19563879980965004,0.19542421734403348,1.0998508603213502
0.29499999999985826,0.1,0.1488845757080538,-0.022956884666325318,-0.19553830283221518,0.19543740562307121,1.126500520884478
0.29599999999985815,0.1,0.14884209436586884,-0.04066299515378706,-0.19536837746347535,0.1954392250508219,1.1381625225360983
0.29699999999985804,0.1,0.14881572909866791,-0.02478927992670366,-0.19526291639467164,0.19542386887493635,1.1112973483970738
0.29799999999985793,0.1,0.14876451959033893,-0.04938288789800137,-0.1950580783613557,0.19539950106990922,1.1106631850119526
0.2989999999998578,0.1,0.1488805946808116,0.11798163949110414,-0.1955223787232464,0.19535708308862443,1.1177948943063685
0.2999999999998577,0.1,0.14894143831418982,0.06264064098517949,-0.19576575325675927,0.19536533827185476,1.1317820079752847
0.3009999999998576,0.1,0.14897159109630312,0.031524699409713454,-0.19588636438521245,0.19539710939982324,1.1321719826327077
0.3019999999998575,0.1,0.14887692284768353,-0.09308257792369132,-0.1955076913907341,0.19543776932498158,1.0988124588784183
0.3029999999998574,0.1,0.1487995967812317,-0.07551200444108874,-0.19519838712492676,0.19543649714927458,1.187013982650966
0.3039999999998573,0.1,0.14888654156642436,0.0879387764974698,-0.19554616626569743,0.19540442172225436,1.1114004789478609
0.30499999999985716,0.1,0.14892325153115074,0.038178598232953415,-0.19569300612460294,0.19541033106765493,1.117276041550035
0.30599999999985705,0.1,0.1489250107346514,0.0033907087947944317,-0.19570004293860555,0.1954303356322855,1.118289397345044
0.30699999999985694,0.1,0.14890482429404364,-0.018406065796608754,-0.19561929717617454,0.1954490461870133,1.117123325763202
0.30799999999985683,0.1,0.14886081758063752,-0.042046921372661035,-0.19544327032255004,0.19545781282137664,1.1165806733579797
0.3089999999998567,0.1,0.14879306830224043,-0.0655934046811536,-0.1951722732089617,0.19544809997568802,1.116353191849517
0.3099999999998566,0.1,0.1487425193783066,-0.04848128394456863,-0.19497007751322637,0.19541225611210145,1.146944233297538
0.3109999999998565,0.1,0.14866903278076027,-0.07219919800618116,-0.19467613112304105,0.1953597724977767,1.1476146847043567
0.3119999999998564,0.1,0.14852847466341948,-0.13918962854752615,-0.1941138986536779,0.19528313532114527,1.1003635266415883
0.3129999999998563,0.1,0.14850414625809952,-0.022434306346149662,-0.19401658503239805,0.19515792892198114,1.126642274374766
0.31399999999985617,0.1,0.14853806567325864,0.035541048857031854,-0.19415226269303454,0.19503549933439324,1.111847657469009
0.31499999999985606,0.1,0.14853857919469324,0.0020792079954907814,-0.19415431677877293,0.19493887105041363,1.1126042385626835
0.31599999999985595,0.1,0.14851696494080185,-0.020108354280748694,-0.1940678597632074,0.1948521032155206,1.1116970971172278
0.31699999999985584,0.1,0.1484718415704361,-0.04364993339536107,-0.1938873662817444,0.19476535862798006,1.1113926654399655
0.31799999999985573,0.1,0.14840351845947,-0.06686856789433653,-0.19361407383787999,0.1946692303835924,1.1113940410788081
0.3189999999998556,0.1,0.148473022487634,0.07095541902022738,-0.19389208995053597,0.194555376308573,1.1088182380268035
0.3199999999998555,0.1,0.14850378672197187,0.03238336777741032,-0.19401514688788746,0.19448070128989503,1.107980436960053
0.3209999999998554,0.1,0.14851438694464172,0.012194677732456307,-0.19405754777856687,0.1944257950714574,1.1360995845411082
0.3219999999998553,0.1,0.14845676298237792,-0.05601692104955167,-0.19382705192951166,0.19438061546146201,1.101134191299032
0.3229999999998552,0.1,0.14845528909313893,0.0005337553859675861,-0.1938211563725557,0.1943169002875207,1.1247997896845694
0.32399999999985507,0.1,0.14850863563271188,0.05503541707601451,-0.1940345425308475,0.19425896126805142,1.1110425879109462
0.32499999999985496,0.1,0.14852900279143524,0.021978231539353733,-0.19411601116574095,0.19422815203720134,1.111581580074998
0.32599999999985485,0.1,0.14852570326313458,-0.0017669497228392191,-0.1941028130525383,0.19420856952054422,1.1108829654347523
0.32699999999985474,0.1,0.14849799254572302,-0.026234107756455675,-0.19399197018289205,0.1941896243965502,1.1106889933939268
0.32799999999985463,0.1,0.14847685541680994,-0.01944180309768075,-0.19390742166723973,0.19416148732101757,1.1017250989375917
0.3289999999998545,0.1,0.14848425092521486,0.00917858436368758,-0.19393700370085942,0.19412770701371684,1.1513745289126227
0.3299999999998544,0.1,0.14858824191495618,0.10530475064281158,-0.19435296765982468,0.19410026266461333,1.1079804550997745
0.3309999999998543,0.1,0.1486406050666154,0.05401446690362968,-0.19456242026646153,0.19411716026169756,1.1162943627521784
0.3319999999998542,0.1,0.14865930920906067,0.02037613888279648,-0.19463723683624268,0.1941533172697909,1.1172715329317058
0.3329999999998541,0.1,0.1486543501167011,-0.0032786202638561864,-0.19461740046680442,0.19419334512672926,1.1166079547938916
0.33399999999985397,0.1,0.14869538192227982,0.04267941866025161,-0.19478152768911927,0.1942273909110579,1.1187768579733373
0.33499999999985386,0.1,0.14869248934906262,-0.0014217244158138069,-0.19476995739625047,0.1942744502824425,1.1336123091074164
0.33599999999985375,0.1,0.14865526151256003,-0.035601672037793804,-0.1946210460502401,0.19431565119858618,1.0993070196648953
0.33699999999985364,0.1,0.14863857215269227,-0.014533881510133899,-0.19455428861076907,0.19433784544843036,1.1265720139231488
0.33799999999985353,0.1,0.14866189709669125,0.025026151285904668,-0.194647588386765,0.19435114587032043,1.1146676947323073
0.3389999999998534,0.1,0.1486620904300057,0.0017110879286446983,-0.19464836172002276,0.19437244876642357,1.1053845989444193
0.3399999999998533,0.1,0.14863872519750673,-0.021785667381068678,-0.1945549007900269,0.19439170165191832,1.104483301284536
0.3409999999998532,0.1,0.14859167612861604,-0.04538141756921535,-0.19436670451446414,0.19439968480168712,1.104220358755116
0.3419999999998531,0.1,0.14865376789848303,0.06363497804234698,-0.1946150715939321,0.19438804990834235,1.1196780476527342
0.342999999999853,0.1,0.14876168929605413,0.10935072861493758,-0.1950467571842165,0.19440241864309282,1.1031665841625993
0.34399999999985287,0.1,0.14879280642156634,0.03272188564246576,-0.19517122568626533,0.19445852400998564,1.126889323103402
0.34499999999985276,0.1,0.1487776774071285,-0.013506820400504653,-0.19511070962851396,0.19452147267379605,1.1061704714228053
0.34599999999985265,0.1,0.14875092931212575,-0.025101287167525972,-0.19500371724850296,0.19457208115591662,1.15664793998674
0.34699999999985254,0.1,0.1485898184062988,-0.1595688127150516,-0.19435927362519523,0.1946069333207614,1.1010136803368487
0.3479999999998524,0.1,0.1485904072049077,0.0026668282963367694,-0.19436162881963082,0.19457385552341222,1.1262081669770951
0.3489999999998523,0.1,0.14854179674410367,-0.04684596779006227,-0.19416718697641466,0.19454431711283515,1.1313648763435364
0.3499999999998522,0.1,0.14847196461376458,-0.06816719085415837,-0.1938878584550583,0.1944982844069676,1.1085427587520194
0.3509999999998521,0.1,0.14849489332163934,0.024583975865419185,-0.19397957328655735,0.19442891655782368,1.1394629907358353
0.351999999999852,0.1,0.14840814880824094,-0.08519566155111487,-0.19363259523296372,0.19437565201841078,1.1058601859576112
0.3529999999998519,0.1,0.1484101415732644,0.003601588778500303,-0.1936405662930576,0.19429300923439108,1.1578485904426439
0.35399999999985177,0.1,0.14824723406417956,-0.16133973943520447,-0.1929889362567182,0.19421942067701536,1.1007918306812334
0.35499999999985166,0.1,0.14821893174525214,-0.02613671291319298,-0.19287572698100852,0.19408801728536584,1.1280706839927581
0.35599999999985155,0.1,0.14813857085788623,-0.07860752271281875,-0.1925542834315449,0.19395841977810946,1.1341429114990538
0.35699999999985144,0.1,0.14803608187157788,-0.1009098975596316,-0.1921443274863115,0.19380962342850783,1.108459778366974
0.3579999999998513,0.1,0.14813482179178797,0.10042943953852933,-0.19253928716715185,0.19363469510889164,1.1198569101026024
0.3589999999998512,0.1,0.1482234850387495,0.09029770020719402,-0.19289394015499794,0.19351674424336895,1.1201361861409336
0.3599999999998511,0.1,0.1482736290287034,0.05169274989149799,-0.19309451611481354,0.19344604829174106,1.1154288765598577
0.360999999999851,0.1,0.1483491417543484,0.07700763022326951,-0.1933965670173936,0.19340247582421455,1.1093095502231984
0.3619999999998509,0.1,0.14839600950998844,0.04835844170686191,-0.19358403803995372,0.19339346547722513,1.1126597203440212
0.3629999999998508,0.1,0.1484148101727115,0.02030522323622319,-0.19365924069084595,0.19340410459049107,1.1052795015829089
0.36399999999985067,0.1,0.14847667800094547,0.06342772633399754,-0.19390671200378184,0.19342120293574627,1.1216632470208197
0.36499999999985056,0.1,0.14856401148689763,0.08878459808392111,-0.1942560459475905,0.19346134413721305,1.108994906241279
0.36599999999985044,0.1,0.14862011475634362,0.057680344701153456,-0.19448045902537447,0.19353241223132045,1.1136347197119405
0.36699999999985033,0.1,0.14867554055848678,0.0569373348456545,-0.1947021622339471,0.19361882392284713,1.1120527489709815
0.3679999999998502,0.1,0.14870989272534796,0.03593086050507771,-0.1948395709013918,0.1937187753009324,1.1059774571741716
0.3689999999998501,0.1,0.14874148823317032,0.033185318924663164,-0.19496595293268126,0.1938224838619922,1.1317946982546472
0.36999999999985,0.1,0.14882866259491753,0.08853356027394395,-0.1953146503796701,0.19392847240951028,1.1079063040024926
0.3709999999998499,0.1,0.14888771107257864,0.060616385614388035,-0.19555084429031455,0.19405874453243577,1.1135070846290178
0.3719999999998498,0.1,0.14889940253865025,0.013183223448714403,-0.19559761015460098,0.19419962360171716,1.1268632925816344
0.3729999999998497,0.1,0.14887018248141645,-0.02765313034490672,-0.19548072992566579,0.19433110507112872,1.1031847762147748
0.37399999999984956,0.1,0.14883990799764021,-0.028597872495195464,-0.19535963199056083,0.19443776234514676,1.1600187144181993
0.37499999999984945,0.1,0.14865199873655893,-0.18631948748119972,-0.1946079949462357,0.19452165275103628,1.1000969880390274
0.37599999999984934,0.1,0.14863792507461876,-0.012125924955909053,-0.19455170029847502,0.19452199221443056,1.185304325084938
0.37699999999984923,0.1,0.14870530547381383,0.0685076537193047,-0.1948212218952553,0.19451667026759267,1.1165296248295984
0.3779999999998491,0.1,0.14877803143659163,0.07423321009184494,-0.1951121257463665,0.1945388335980418,1.1137907623706573
0.378999999999849,0.1,0.14880692484807267,0.030634925494378747,-0.19522769939229068,0.1945878765572564,1.1261176767992096
0.3799999999998489,0.1,0.14881049000108093,0.00526825476618873,-0.1952419600043237,0.19464357899010398,1.1256129264000543
0.3809999999998488,0.1,0.1487886004088946,-0.020207842143947986,-0.1951544016355784,0.19469514323752435,1.1254948543912753
0.3819999999998487,0.1,0.14877864044938982,-0.008439786306741078,-0.19511456179755926,0.194732799918941,1.1383601243239185
0.3829999999998486,0.1,0.14871770457344288,-0.05928683112034926,-0.1948708182937715,0.19476271028105518,1.1046227501278922
0.38399999999984846,0.1,0.1486285212678528,-0.08744830632124331,-0.1945140850714112,0.19476525698689873,1.186235208533029
0.38499999999984835,0.1,0.1487186192263263,0.09104394172460661,-0.19487447690530513,0.19473187554705707,1.1099146793437857
0.38599999999984824,0.1,0.14878121292723745,0.06403586099233909,-0.19512485170894978,0.19473787046505908,1.1162259508814727
0.38699999999984813,0.1,0.14881646479824354,0.03683574411534772,-0.19526585919297412,0.1947683072325992,1.115315538606604
0.387999999999848,0.1,0.14882261596469698,0.007707102881067673,-0.1952904638587879,0.1948098057941694,1.1157889766204274
0.3889999999998479,0.1,0.14880444550877414,-0.01664468130050617,-0.19521778203509654,0.19484961980697513,1.1153541699641876
0.3899999999998478,0.1,0.1487619337695528,-0.04100068009838695,-0.19504773507821116,0.19487818793118183,1.1153208366822918
0.3909999999998477,0.1,0.14872217132899648,-0.03813293961465643,-0.1948886853159859,0.1948868960682555,1.1085632982919715
0.3919999999998476,0.1,0.14876306304023218,0.04260972831445233,-0.1950522521609287,0.19487882993314365,1.1148192264141452
0.39299999999984747,0.1,0.14876390774438406,0.0023135095803447367,-0.1950556309775362,0.194887927440476,1.1271171881778752
0.39399999999984736,0.1,0.14872741075996987,-0.03499537630335095,-0.19490964303987945,0.19489645451161763,1.1002885413585002
0.39499999999984725,0.1,0.14869253642335353,-0.03323296905004085,-0.1947701456934141,0.19488953075936344,1.160051446078244
0.39599999999984714,0.1,0.1485119437385059,-0.1791375464754626,-0.1940477749540236,0.1948693478678063,1.1029511495156712
0.39699999999984703,0.1,0.14849415890058373,-0.015891164392273314,-0.1939766356023349,0.19477893975895189,1.1266091258365891
0.3979999999998469,0.1,0.1485180495740956,0.025426448893178417,-0.19407219829638234,0.19469044925219414,1.1145421968359974
0.3989999999998468,0.1,0.14851945553457777,0.0028361173055910655,-0.19407782213831104,0.19462035751885054,1.105591935406546
0.3999999999998467,0.1,0.14849601908409915,-0.021891162684719096,-0.19398407633639658,0.19455783209614896,1.1048322214967257
0.4009999999998466,0.1,0.14854904309277372,0.05453014972673306,-0.19419617237109488,0.1944921790770513,1.1168296057973546
0.4019999999998465,0.1,0.14855571397236944,0.008176825162573283,-0.19422285588947774,0.19445429769597578,1.1049315170980876
0.40299999999984637,0.1,0.14856959769362127,0.015494558570543958,-0.19427839077448505,0.19442287148269255,1.117764848441526
0.40399999999984626,0.1,0.14854003482776199,-0.02802608966367667,-0.19416013931104792,0.19440013877919515,1.1053944146318615
0.40499999999984615,0.1,0.14856758199928483,0.029009172960940324,-0.19427032799713928,0.19436785229809317,1.1327076943934016
0.40599999999984604,0.1,0.14850251521857963,-0.06360023975759238,-0.1940100608743185,0.19434981192910694,1.100344734092154
0.40699999999984593,0.1,0.1484609329225356,-0.03999039423291088,-0.19384373169014235,0.19430754601914746,1.1681474409034194
0.4079999999998458,0.1,0.14823762370711022,-0.2218298544342049,-0.19295049482844084,0.19425286847893197,1.0993413896735953
0.4089999999998457,0.1,0.14821276824055388,-0.022740503982846584,-0.1928510729622155,0.19411432384394445,1.1306863144224064
0.4099999999998456,0.1,0.1482347823036917,0.023701999415901422,-0.19293912921476675,0.19397967752223,1.1160818004648525
0.4109999999998455,0.1,0.14822905297181987,-0.004377013224735776,-0.19291621188727948,0.19386729085322862,1.1166979652927298
0.4119999999998454,0.1,0.1482221551309536,-0.005719383842758934,-0.1928886205238144,0.1937638414455769,1.1070827204475526
0.41299999999984527,0.1,0.1481689434130566,-0.051861575426599874,-0.19267577365222632,0.193667969305654,1.1028316751975473
0.41399999999984516,0.1,0.14822635126253209,0.05885975281156421,-0.19290540505012832,0.19356039001415581,1.1214421970012907
0.41499999999984505,0.1,0.14822514706121345,0.0003586593428988433,-0.1929005882448538,0.19348652480397632,1.103894684616598
0.41599999999984494,0.1,0.14820887899830826,-0.014641871594579182,-0.192835515993233,0.1934195589506622,1.1592119465361175
0.41699999999984483,0.1,0.1483101718316387,0.10238995344988873,-0.19324068732655475,0.19335277818077756,1.1096068357850395
0.4179999999998447,0.1,0.14835895961492282,0.050180909012728286,-0.19343583845969126,0.1933331901052604,1.1165982138178965
0.4189999999998446,0.1,0.14837378503649096,0.016206010144369388,-0.1934951401459638,0.19333507653087434,1.1176873709824648
0.4199999999998445,0.1,0.14836520691597274,-0.007223064229883588,-0.19346082766389094,0.1933427061397026,1.1169852996838865
0.4209999999998444,0.1,0.14833225202689135,-0.0316042621238276,-0.19332900810756537,0.1933461427311025,1.1167987115123121
0.4219999999998443,0.1,0.14830285732436668,-0.027905719072701837,-0.1932114292974667,0.19333605334126247,1.108948845937731
0.42299999999984417,0.1,0.14833298872346037,0.03165675673292128,-0.19333195489384147,0.19331521495094517,1.1181370278618998
0.42399999999984406,0.1,0.14842819152218809,0.09659169142734707,-0.19371276608875232,0.1933085127556078,1.1048536391226957
0.42499999999984395,0.1,0.148460309101706,0.03356671999925932,-0.19384123640682394,0.1933405652492759,1.122490481500406
0.42599999999984384,0.1,0.14846141365460164,0.0024834868363482815,-0.19384565461840653,0.19338226439790773,1.1076701912430342
0.4269999999998437,0.1,0.1484801598310544,0.020057501406778314,-0.19392063932421755,0.19342024042150552,1.1374379284515392
0.4279999999998436,0.1,0.14841306431690632,-0.06575506607312831,-0.19365225726762525,0.19346192186922817,1.1006819897429412
0.4289999999998435,0.1,0.14840720408115995,-0.004121742710722001,-0.1936288163246398,0.19347260023303114,1.1247631186901905
0.4299999999998434,0.1,0.14848369597633365,0.07796735688017414,-0.19393478390533458,0.19347986743936474,1.1088180579258886
0.4309999999998433,0.1,0.14855347076508388,0.07132484139186622,-0.1942138830603355,0.1935170089458138,1.1094468812198484
0.4319999999998432,0.1,0.1485783801430779,0.026421632931564642,-0.19431352057231155,0.19357835318719196,1.121960351472992
0.43299999999984307,0.1,0.14858155109098573,0.00466281745077176,-0.19432620436394288,0.19364353387515099,1.105938608442454
0.43399999999984296,0.1,0.14855182981407367,-0.02834761595188532,-0.19420731925629464,0.1937034720688402,1.152878578548693
0.43499999999984285,0.1,0.14840212586406373,-0.14834622154509267,-0.1936085034562549,0.1937455324245061,1.0959611714990523
0.43599999999984274,0.1,0.14840371641850714,0.003563499469144767,-0.19361486567402852,0.19372350579812192,1.1282811556144519
0.4369999999998426,0.1,0.14844694950742895,0.04483947366872262,-0.1937877980297158,0.1937043155739575,1.1153453363392567
0.4379999999998425,0.1,0.14851439886157658,0.06886335568111948,-0.1940575954463063,0.19370433845649337,1.1078239391539337
0.4389999999998424,0.1,0.14855034020862085,0.03730511262725041,-0.19420136083448336,0.1937313420828568,1.1078940206605252
0.4399999999998423,0.1,0.1485603275438795,0.01130847367194314,-0.19424131017551793,0.19377002661777087,1.1075260907242608
0.4409999999998422,0.1,0.1485589066700205,4.605113979060105e-06,-0.19423562668008199,0.1938088422613058,1.1033424259075286
0.4419999999998421,0.1,0.1486073604092953,0.050014575992283844,-0.19442944163718123,0.1938432133358603,1.1128794393446548
0.44299999999984196,0.1,0.14860964698584583,0.0037190708693512374,-0.1944385879433833,0.19389353358916672,1.115983615833774
0.44399999999984185,0.1,0.14860472686400528,-0.003553467753537143,-0.19441890745602108,0.19393974185580376,1.1089428469186484
0.44499999999984174,0.1,0.14867364199571573,0.07031592012000357,-0.1946945679828629,0.1939793670546095,1.110526530832567
0.44599999999984163,0.1,0.14870297412426794,0.030759647706786082,-0.19481189649707176,0.19404260198069956,1.1120886573316497
0.4469999999998415,0.1,0.148763140137262,0.061594451583375696,-0.19505256054904796,0.194111254726141,1.1108956837008745
0.4479999999998414,0.1,0.14878225895873307,0.02052939137877592,-0.19512903583493224,0.19419711723940036,1.112802364905882
0.4489999999998413,0.1,0.14879425416733838,0.013422203429540761,-0.1951770166693535,0.19428205032118218,1.1092646160503392
0.4499999999998412,0.1,0.14884964480031526,0.0568415469585201,-0.19539857920126102,0.1943632981131458,1.1120146051801798
0.4509999999998411,0.1,0.14886340285271565,0.015128932816028251,-0.1954536114108626,0.19445858677339167,1.1142695286879214
0.451999999999841,0.1,0.14886695859798058,0.005033240833462391,-0.19546783439192228,0.19454985965050486,1.1046572772533318
0.45299999999984086,0.1,0.14889312716095074,0.02766396681518567,-0.19557250864380293,0.1946334370654128,1.1415016097638235
0.45399999999984075,0.1,0.14897942077985057,0.08744493646319837,-0.19591768311940227,0.19471913477526748,1.1091727160727864
0.45499999999984064,0.1,0.14901301343841425,0.03502659792018835,-0.19605205375365697,0.19483079061017783,1.1120671515231468
0.45599999999984053,0.1,0.14901811244282895,0.0065229506153208746,-0.19607244977131577,0.19494473032472914,1.1345699503010318
0.4569999999998404,0.1,0.14896113264262584,-0.05550792672037999,-0.19584453057050333,0.19504932659287721,1.1039662603750875
0.4579999999998403,0.1,0.14897781636445098,0.01836387873887914,-0.1959112654578039,0.19512067986460302,1.1552008152329971
0.4589999999998402,0.1,0.1490645612405087,0.08799412204348955,-0.1962582449620348,0.19519158051484276,1.1121568761019558
0.4599999999998401,0.1,0.14910424097721234,0.041186880418795146,-0.19641696390884933,0.19529009848122048,1.1174215724650185
0.46099999999984,0.1,0.14914456547368118,0.041792528542917234,-0.19657826189472472,0.19539464726619737,1.117691405757241
0.46199999999983987,0.1,0.14913861085407018,-0.004399838723901022,-0.1965544434162807,0.19550488290943768,1.1081417546411352
0.46299999999983976,0.1,0.14916087458032826,0.02381815845557424,-0.196643498321313,0.19560172386303343,1.1360466338340498
0.46399999999983965,0.1,0.14909208722362846,-0.06717296760377518,-0.19636834889451382,0.19569779620156602,1.1008974700640122
0.46499999999983954,0.1,0.14906227349198975,-0.028000031786728954,-0.19624909396795898,0.19575675365758105,1.1741917652249478
0.46599999999983943,0.1,0.1491413525851527,0.08018110257144184,-0.1965654103406108,0.19579789661449265,1.1119192897850148
0.4669999999998393,0.1,0.1491955971026868,0.05572736567559009,-0.19678238841074713,0.19586656283591353,1.1147197368518733
0.4679999999998392,0.1,0.14921892303838535,0.025019629390076722,-0.1968756921535414,0.19595006897619172,1.1148211264153458
0.4689999999998391,0.1,0.1492179431455396,0.0009291090228565656,-0.19687177258215838,0.19603456417624177,1.113893250658596
0.469999999999839,0.1,0.14922600602086572,0.010065311140391952,-0.19690402408346286,0.19611022637289555,1.1279957344377014
0.4709999999998389,0.1,0.1492078027559287,-0.016407594043313798,-0.1968312110237148,0.1961815553455306,1.128112381553341
0.47199999999983877,0.1,0.149164861146781,-0.04134700423198098,-0.19665944458712403,0.1962384766301266,1.1283064779025245
0.47299999999983866,0.1,0.1492161997642607,0.05283099740007193,-0.1968647990570428,0.19627253458544303,1.1128455592641757
0.47399999999983855,0.1,0.14922030294454616,0.005709936066885723,-0.19688121177818463,0.19632372676865462,1.1158217992751158
0.47499999999983844,0.1,0.1492525550011705,0.03383962190620885,-0.19701022000468194,0.19637144740864798,1.1149432138435822
0.47599999999983833,0.1,0.14925576833687687,0.004740297889605513,-0.19702307334750746,0.196427302258936,1.109290663453641
0.4769999999998382,0.1,0.149317656983549,0.06340436681335268,-0.19727062793419603,0.1964788639128221,1.1095159025139598
0.4779999999998381,0.1,0.14939020560525865,0.07412842731799409,-0.19756082242103457,0.19655003251757464,1.107757199214999
0.478999999999838,0.1,0.14940524413020992,0.016638525900869346,-0.19762097652083965,0.19664311324038852,1.124161632333409
0.4799999999998379,0.1,0.1493804353298889,-0.02318815962161708,-0.19752174131955558,0.19673291090432254,1.104682487555807
0.4809999999998378,0.1,0.14939539965827933,0.01670165522359017,-0.1975815986331173,0.1968038136043191,1.1443874491394286
0.48199999999983767,0.1,0.14945607649611029,0.062001713699101825,-0.19782430598444112,0.19687362067531655,1.112536537602369
0.48299999999983756,0.1,0.14946520799643362,0.010734607321170661,-0.19786083198573445,0.19696072573979695,1.1090223555021634
0.48399999999983745,0.1,0.14946720271911737,0.0036664704185996925,-0.19786881087646946,0.19704278220662275,1.138998437502199
0.48499999999983734,0.1,0.1493862389726017,-0.07936045199791081,-0.19754495589040677,0.19711743880691834,1.106373877949648
0.48599999999983723,0.1,0.1494065274870687,0.022177565774650958,-0.1976261099482748,0.19715225027421202,1.1196768931726069
0.4869999999998371,0.1,0.14938826735994765,-0.016640379599361873,-0.19755306943979056,0.19719169920584356,1.130899682479331
0.487999999999837,0.1,0.14933948581514478,-0.04727598715722771,-0.1973579432605791,0.19721990257126087,1.1064438477406005
0.4889999999998369,0.1,0.14935368148675882,0.015852688163900085,-0.19741472594703524,0.19722577571774913,1.11693865725333
0.4899999999998368,0.1,0.14933642885012682,-0.01568280976379951,-0.19734571540050727,0.19723674040378913,1.1096389835900318
0.4909999999998367,0.1,0.14929246729471812,-0.0422566782339032,-0.19716986917887247,0.1972397088853972,1.106322960711971
0.49199999999983657,0.1,0.14928094685157986,-0.00992684332730579,-0.19712378740631942,0.19722479541650628,1.1422438822209278
0.49299999999983646,0.1,0.1491648203272991,-0.1146116657469056,-0.1966592813091964,0.1972067636171655,1.1000031185479888
0.49399999999983635,0.1,0.14916616531888213,0.0032801969427978086,-0.1966646612755285,0.1971440808091689,1.1237838088707617
0.49499999999983624,0.1,0.14921952806461472,0.055081021865814456,-0.19687811225845886,0.1970881983319721,1.1109435010138626
0.4959999999998361,0.1,0.14925932781740658,0.04151098037826179,-0.19703731126962631,0.19705924661492702,1.1133519779007444
0.496999999999836,0.1,0.14927369045234157,0.016032790639390296,-0.19709476180936625,0.19704910975494005,1.1127262830177116
0.4979999999998359,0.1,0.1492684919996476,-0.0036783332771137016,-0.19707396799859034,0.19704573215152177,1.1251863793656982
0.4989999999998358,0.1,0.1492404931545177,-0.026414625164664043,-0.1969619726180708,0.19704061284662444,1.1016524363267461
0.4999999999998357,0.1,0.1492032361667053,-0.03558446265932924,-0.1968129446668212,0.19702480570435554,1.162489318012962
0.5009999999998356,0.1,0.14901287567948515,-0.18878773368327378,-0.19605150271794058,0.1969956737423484,1.0990386138565618
0.5019999999998355,0.1,0.1489684992739431,-0.0421446281918345,-0.19587399709577236,0.19689330301130603,1.1289742353425265
0.5029999999998354,0.1,0.14900007970877907,0.03343348696033324,-0.19600031883511626,0.1967834075886321,1.114155588048382
0.5039999999998352,0.1,0.14900585015582818,0.007466737584395612,-0.1960234006233127,0.19669712575403597,1.1139392845179243
0.5049999999998351,0.1,0.14898876300500286,-0.015530832229528103,-0.1959550520200114,0.1966217735730016,1.1131326671323882
0.505999999999835,0.1,0.1489478063010821,-0.039515101919968265,-0.19579122520432835,0.1965471150911826,1.1128916032162757
0.5069999999998349,0.1,0.14891901201826374,-0.02735789789038506,-0.19567604807305494,0.1964635320462378,1.1086381867157398
0.5079999999998348,0.1,0.1488584620945599,-0.0588612128048636,-0.19543384837823963,0.1963767818686879,1.104579011675106
0.5089999999998347,0.1,0.14880097967244799,-0.05592437966074946,-0.19520391868979192,0.19627447760265682,1.1609254784168193
0.5099999999998346,0.1,0.1486107010758744,-0.18880532397011343,-0.19444280430349759,0.19615939939479876,1.0953010771514855
0.5109999999998345,0.1,0.14861297727557404,0.00448208022918347,-0.19445190910229615,0.1959797028312522,1.127394063792943
0.5119999999998344,0.1,0.14854770292741468,-0.06345317869914506,-0.19419081170965868,0.19581886905700774,1.1456021231918063
0.5129999999998343,0.1,0.14844050105368414,-0.10564474184695802,-0.19376200421473655,0.1956479923183272,1.108492094637525
0.5139999999998341,0.1,0.14852305242605723,0.08428546493072367,-0.1940922097042289,0.19545130439053704,1.1290154115583975
0.514999999999834,0.1,0.14858038244994337,0.058921863567076224,-0.19432152979977346,0.1953072925798809,1.1143226982252719
0.5159999999998339,0.1,0.14862134860917808,0.042608328429430374,-0.1944853944367123,0.19520060334203748,1.1192283453901568
0.5169999999998338,0.1,0.14866337339173372,0.04359733248508672,-0.19465349356693484,0.1951209628142614,1.1153835523380433
0.5179999999998337,0.1,0.14874349389201488,0.081671383305078,-0.1949739755680595,0.19506609192169755,1.1063690223566411
0.5189999999998336,0.1,0.14880057765207047,0.05877797945975946,-0.19520231060828186,0.19504875454836235,1.1132708271896277
0.5199999999998335,0.1,0.1488119241773117,0.01293754968648483,-0.1952476967092468,0.1950559859856984,1.1259474518030879
0.5209999999998334,0.1,0.1487909722648449,-0.019322453003494125,-0.19516388905937954,0.19506703452575103,1.103435594816257
0.5219999999998333,0.1,0.14876066642393182,-0.028621152296769477,-0.19504266569572726,0.19506859891518769,1.160694418207332
0.5229999999998332,0.1,0.14858619707682325,-0.17289862531080158,-0.19434478830729296,0.19505788366135857,1.0995566851194543
0.523999999999833,0.1,0.14859277635205326,0.008757230801440986,-0.194371105408213,0.1949784474019225,1.127318409998615
0.5249999999998329,0.1,0.14860139658870924,0.010497340660558645,-0.19440558635483696,0.19490957871288295,1.1171978209894227
0.5259999999998328,0.1,0.14857980093534198,-0.02007370921577714,-0.1943192037413679,0.19485103967215966,1.1183904654762478
0.5269999999998327,0.1,0.14853845475147368,-0.04019102433513491,-0.19415381900589468,0.19478971101204934,1.1175202011481802
0.5279999999998326,0.1,0.1484879492384339,-0.049371817135356856,-0.19395179695373554,0.19471797016618897,1.103748070647926
0.5289999999998325,0.1,0.14841122183615157,-0.07520913733046397,-0.19364488734460628,0.19463319375781207,1.1032629270168406
0.5299999999998324,0.1,0.14831112242486158,-0.09818257410591703,-0.1932444896994463,0.19452619416728378,1.1032403590277369
0.5309999999998323,0.1,0.1483403267584163,0.031058977293606505,-0.19336130703366516,0.19438984230684753,1.1429792795633442
0.5319999999998322,0.1,0.1482424339307195,-0.09615298420441447,-0.192969735722878,0.19427879645854684,1.0996006032433108
0.532999999999832,0.1,0.14820473160337205,-0.03582928039969269,-0.1928189264134882,0.19413968566584838,1.1825845795159768
0.5339999999998319,0.1,0.14829587440692793,0.0921375983423501,-0.1931834976277117,0.19399939363290208,1.1125413890028168
0.5349999999998318,0.1,0.14831029911174334,0.015984791430550916,-0.19324119644697335,0.19390957719429913,1.1076637229075919
0.5359999999998317,0.1,0.14832041222826692,0.012032509609264533,-0.19328164891306765,0.19383450605345853,1.146812106948964
0.5369999999998316,0.1,0.14837628580319798,0.05740839859437849,-0.19350514321279189,0.19377098201855159,1.117649933841352
0.5379999999998315,0.1,0.14842178299337017,0.0470965624399801,-0.19368713197348064,0.19373615669680788,1.1203967204063439
0.5389999999998314,0.1,0.14842199650477647,0.0017075583603055307,-0.19368798601910586,0.19372301230721334,1.1342707930153646
0.5399999999998313,0.1,0.14839001162091167,-0.03038781807570771,-0.19356004648364666,0.19371126701071084,1.1041024047537424
0.5409999999998312,0.1,0.148401144680339,0.013069823409450518,-0.19360457872135595,0.19368790245379408,1.1245579272367843
0.5419999999998311,0.1,0.14845098455334016,0.05148787817872882,-0.19380393821336062,0.19367132608713256,1.109595606335133
0.542999999999831,0.1,0.14846018025766322,0.010782025284718595,-0.19384072103065286,0.1936763439260485,1.1113247902315757
0.5439999999998308,0.1,0.1484477393784002,-0.010942725544743476,-0.19379095751360076,0.19368453999139223,1.1104150820401286
0.5449999999998307,0.1,0.14841194009972292,-0.03436299596938483,-0.19364776039889164,0.19368694117151275,1.110132579406089
0.5459999999998306,0.1,0.1483528798002304,-0.05767423376152672,-0.1934115192009216,0.1936747821439484,1.110174293813513
0.5469999999998305,0.1,0.14830439702886322,-0.046963757045861615,-0.19321758811545287,0.1936402121030376,1.1049196422407344
0.5479999999998304,0.1,0.1483490207619875,0.04609405354710986,-0.19339608304794997,0.19358970217651894,1.1390471542349534
0.5489999999998303,0.1,0.1484548994450213,0.1070801800548,-0.19381959778008517,0.19356209243052103,1.1060058513628115
0.5499999999998302,0.1,0.14854198660613435,0.08860681298585682,-0.19416794642453739,0.19357959554178628,1.1212865316016198
0.5509999999998301,0.1,0.14859650438639493,0.05602195678425965,-0.19438601754557971,0.19363018994620962,1.1150044865573976
0.55199999999983,0.1,0.14861520043891133,0.020202214030688476,-0.19446080175564529,0.19369753887982633,1.1163772716413498
0.5529999999998298,0.1,0.14860924732365238,-0.004465311207652838,-0.1944369892946095,0.1937656390304765,1.1160202184182182
0.5539999999998297,0.1,0.14868972096649355,0.08197790463149007,-0.19475888386597418,0.19382455524809217,1.110447567248204
0.5549999999998296,0.1,0.14874729656112795,0.05915145783558331,-0.19498918624451178,0.19390977852471902,1.1137865727201188
0.5559999999998295,0.1,0.14882487392126875,0.07911251867641676,-0.195299495685075,0.1940095204828065,1.1088080736411714
0.5569999999998294,0.1,0.14888756198675432,0.06425031481985861,-0.19555024794701725,0.1941303315851588,1.1130988063309304
0.5579999999998293,0.1,0.14895741060663112,0.07140654046603649,-0.19582964242652445,0.19426415171371403,1.1100517197386102
0.5589999999998292,0.1,0.149003524304707,0.047643841413905,-0.196014097218828,0.19441254420161957,1.1169629324987043
0.5599999999998291,0.1,0.14902268338800684,0.020783353876598142,-0.19609073355202733,0.19456455879397794,1.1046670264266152
0.560999999999829,0.1,0.14901094835527998,-0.0100847737575109,-0.19604379342111988,0.19470905111297743,1.1499920697162334
0.5619999999998289,0.1,0.14888429134952605,-0.12507799621422847,-0.19553716539810417,0.19483441303690707,1.0999440322468712
0.5629999999998287,0.1,0.14886118378426452,-0.02101365335960825,-0.19544473513705807,0.19489658457474057,1.1267113112640657
0.5639999999998286,0.1,0.14878840071248908,-0.07113746252907593,-0.1951536028499563,0.19494330016171002,1.1323879875194194
0.5649999999998285,0.1,0.14869248426892878,-0.09446808969817606,-0.1947699370757151,0.19495623289111563,1.1079784849036596
0.5659999999998284,0.1,0.14879297549158466,0.10204061358389535,-0.1951719019663386,0.19492950452798574,1.117606807965621
0.5669999999998283,0.1,0.14883479230292415,0.043292167895995264,-0.19533916921169658,0.19494564821865712,1.114616603500307
0.5679999999998282,0.1,0.14884425089851983,0.011012447160583604,-0.19537700359407928,0.19497690731748563,1.105657622344976
0.5689999999998281,0.1,0.1488570484084329,0.014337875934436204,-0.19542819363373154,0.19500882829695154,1.138379105236614
0.569999999999828,0.1,0.14877877679930548,-0.07671970625208994,-0.19511510719722192,0.19504267992965119,1.1000006683371624
0.5709999999998279,0.1,0.14877137824022854,-0.005404126982079459,-0.19508551296091414,0.19504184002905944,1.1250185881352603
0.5719999999998278,0.1,0.14880260909066806,0.03284389126858351,-0.1952104363626722,0.19503812408331989,1.1140017133968947
0.5729999999998276,0.1,0.14881287914255273,0.011768701127441002,-0.1952515165702109,0.19504727342946016,1.1055226319803395
0.5739999999998275,0.1,0.14879780782941987,-0.013458345844051145,-0.19519123131767946,0.19505961807560634,1.1048186073703752
0.5749999999998274,0.1,0.14881024862657424,0.01389940952664245,-0.19524099450629695,0.19506470120615926,1.129890920626248
0.5759999999998273,0.1,0.14875677739386467,-0.05206988228507574,-0.19502710957545866,0.19507425368618758,1.0998856864008082
0.5769999999998272,0.1,0.1487897569526403,0.03474104805445289,-0.19515902781056116,0.1950614636977237,1.1185320377992092
0.5779999999998271,0.1,0.14877931961353588,-0.008916707714391578,-0.1951172784541435,0.19506314397314295,1.1305605399115881
0.578999999999827,0.1,0.148737167093807,-0.04072601155201224,-0.19494866837522795,0.19506048160065426,1.106392323813069
0.5799999999998269,0.1,0.14879184777563853,0.056231339504336474,-0.1951673911025541,0.19504122388040024,1.1325109913125146
0.5809999999998268,0.1,0.14886452131101904,0.07403933026491914,-0.19545808524407615,0.19504576630523296,1.1113488686513253
0.5819999999998267,0.1,0.1489105784484797,0.047564347236580935,-0.19564231379391883,0.19507892687685224,1.1203137669725378
0.5829999999998265,0.1,0.14895723714845183,0.04813619465330032,-0.19582894859380728,0.1951272004735216,1.1143152385181134
0.5839999999998264,0.1,0.14896665637387452,0.010858752589537153,-0.19586662549549805,0.19518931659400351,1.1160337637697972
0.5849999999998263,0.1,0.14903826930268713,0.07303941170511359,-0.19615307721074848,0.19524899621313008,1.10957320427807
0.5859999999998262,0.1,0.14905007149330238,0.013183489740129527,-0.1962002859732095,0.19533136145341334,1.12806344642654
0.5869999999998261,0.1,0.14901369024403846,-0.03488843844003087,-0.19605476097615382,0.19541021947172954,1.1004822778599963
0.587999999999826,0.1,0.14898731109792346,-0.024702379457696145,-0.1959492443916938,0.19546664619025123,1.1651789411976206
0.5889999999998259,0.1,0.14908973807214784,0.10352873790200263,-0.19635895228859135,0.19550688494029966,1.1104776279694284
0.5899999999998258,0.1,0.14912560894268923,0.03736079226711576,-0.19650243577075688,0.1955840779778315,1.1170775870398117
0.5909999999998257,0.1,0.14912069885546717,-0.003376372350833971,-0.19648279542186864,0.19566790852465843,1.1192784183502518
0.5919999999998256,0.1,0.14909437580301757,-0.02478367004790713,-0.19637750321207026,0.19574140022264164,1.1183513859278125
0.5929999999998254,0.1,0.14904484847568275,-0.04795605650159076,-0.19617939390273098,0.19579701990245102,1.1180202615986983
0.5939999999998253,0.1,0.14897213483546934,-0.07109784290572531,-0.19588853934187733,0.19582727052303195,1.117998522765372
0.5949999999998252,0.1,0.1488769915139115,-0.09347611619294144,-0.19550796605564602,0.1958254112558908,1.118151072956605
0.5959999999998251,0.1,0.1488302026724882,-0.04549977274494409,-0.19532081068995277,0.195785677632915,1.1544125213674317
0.596999999999825,0.1,0.14868810710958086,-0.14074125883368718,-0.1947524284383234,0.19573119643051662,1.094431252703013
0.5979999999998249,0.1,0.14867962080237937,-0.006367991156108395,-0.19471848320951746,0.19562531727614552,1.127835295200696
0.5989999999998248,0.1,0.14865572108814895,-0.02218068863144531,-0.19462288435259578,0.1955266209686215,1.1380398164747065
0.5999999999998247,0.1,0.14872937966298105,0.0750482387287421,-0.1949175186519242,0.19542822578804486,1.110433983854096
0.6009999999998246,0.1,0.14879097026354582,0.06318277276185759,-0.19516388105418325,0.19536912803690853,1.1127742848251516
0.6019999999998245,0.1,0.14880529861894837,0.0159736256173235,-0.19522119447579345,0.19534057426109896,1.1255157297322007
0.6029999999998243,0.1,0.1487930153637066,-0.010862916027272344,-0.19517206145482635,0.19532060601418966,1.1256460589066757
0.6039999999998242,0.1,0.1487667109496066,-0.024779772205156574,-0.19506684379842643,0.1952977195101102,1.1063784384069026
0.6049999999998241,0.1,0.14874762023788513,-0.017580635667774132,-0.19499048095154048,0.19526659810872893,1.1597687930638738
0.605999999999824,0.1,0.14884861424218515,0.10203292369645514,-0.19539445696874058,0.19523095162342852,1.1075277425046002
0.6069999999998239,0.1,0.14888650791149122,0.039284271431958825,-0.19554603164596485,0.19523926721104878,1.1181044487021186
0.6079999999998238,0.1,0.14889410524707788,0.008920371421195972,-0.19557642098831152,0.19526191149255467,1.1188609538560437
0.6089999999998237,0.1,0.14888819040185947,-0.0045317624035604315,-0.19555276160743784,0.1952853333012987,1.109154332552847
0.6099999999998236,0.1,0.14885602015934388,-0.030531443131502734,-0.19542408063737549,0.1953040498334362,1.108858498348673
0.6109999999998235,0.1,0.1488306974496384,-0.023842635326579795,-0.19532278979855355,0.19530802798969393,1.148027118485093
0.6119999999998234,0.1,0.14870010173605103,-0.12914318801910546,-0.19480040694420409,0.1953014788357441,1.0972204653944901
0.6129999999998232,0.1,0.14870283905558185,0.0045146434521140385,-0.19481135622232737,0.1952433422053046,1.1766014173764798
0.6139999999998231,0.1,0.14879144371734007,0.08968072597043869,-0.19516577486936026,0.19519211148292293,1.114180873540234
0.614999999999823,0.1,0.14885712462680858,0.0671089394045603,-0.19542849850723432,0.19518144361280143,1.1156933378409521
0.6159999999998229,0.1,0.14891135656124727,0.05581143388610212,-0.19564542624498904,0.1951981170007997,1.1172690365860274
0.6169999999998228,0.1,0.14892047757659443,0.010727738196723716,-0.19568191030637772,0.19523482031217387,1.1282531204964295
0.6179999999998227,0.1,0.1489040997557956,-0.014984727260058379,-0.1956163990231824,0.19527150617647493,1.1281620268077792
0.6189999999998226,0.1,0.14886601927740942,-0.036625618985163276,-0.19546407710963765,0.19529797550642325,1.109393771356564
0.6199999999998225,0.1,0.1488346298479694,-0.030032126245921196,-0.19533851939187763,0.1953065678393502,1.1565345213753793
0.6209999999998224,0.1,0.14867117489125317,-0.1620656346486497,-0.19468469956501266,0.19530174488266372,1.097055387127729
0.6219999999998223,0.1,0.1486307626352328,-0.03838138221043755,-0.19452305054093122,0.19523201764878184,1.1304842169859128
0.6229999999998221,0.1,0.1486535993162884,0.024436691459615356,-0.19461439726515362,0.1951530903176506,1.113196869983736
0.623999999999822,0.1,0.14864370444435188,-0.008509875876944694,-0.19457481777740748,0.19509118462742414,1.1141608421754239
0.6249999999998219,0.1,0.14861295491029713,-0.0295859306543717,-0.19445181964118852,0.1950315064551269,1.1131849728017151
0.6259999999998218,0.1,0.14855956025720027,-0.05242351194794437,-0.19423824102880105,0.19496549049731193,1.1128705866591202
0.6269999999998217,0.1,0.14851091675756586,-0.04769890759602027,-0.19404366703026343,0.19488471084119574,1.106928082898528
0.6279999999998216,0.1,0.14842291932067994,-0.08675790358390634,-0.19369167728271974,0.19479254353759234,1.10442833762815
0.6289999999998215,0.1,0.1483105104245958,-0.11067992049016058,-0.19324204169838322,0.19467438297060013,1.1041365739591504
0.6299999999998214,0.1,0.14830023235080103,-0.008667725031689302,-0.1932009294032041,0.19452306097636995,1.1590208466436702
0.6309999999998213,0.1,0.1484144723623737,0.11528916792916988,-0.1936578894494948,0.19438274836015967,1.1065308286168878
0.6319999999998211,0.1,0.14847297762959358,0.05991035749569975,-0.1938919105183743,0.1943021541478771,1.1155276236620364
0.632999999999821,0.1,0.14849572235731764,0.024197805951924372,-0.19398288942927056,0.1942530168280463,1.1165170694599746
0.6339999999998209,0.1,0.14849465356800975,0.0004208915810615505,-0.193978614272039,0.1942178884903818,1.115647558261783
0.6349999999998208,0.1,0.14846856516155585,-0.024537511784455294,-0.19387426064622337,0.19418584308690612,1.1153180405636636
0.6359999999998207,0.1,0.14841788502314016,-0.049054997728739204,-0.1936715400925606,0.19414656375901274,1.1152677269367466
0.6369999999998206,0.1,0.14838015260308735,-0.036381562974358614,-0.19352061041234936,0.19409093572763592,1.1475433794116991
0.6379999999998205,0.1,0.14827840148926227,-0.10032838528930037,-0.19311360595704907,0.19402577114253727,1.0953779009213709
0.6389999999998204,0.1,0.14826868497546242,-0.007656720309046526,-0.19307473990184965,0.1939264152139657,1.1293866062980507
0.6399999999998203,0.1,0.14831988205333516,0.05285751660566004,-0.1932795282133406,0.1938330988700434,1.112929830180249
0.6409999999998202,0.1,0.14833703410884597,0.018638503942304454,-0.19334813643538384,0.19376958701978797,1.1137980828829104
0.64199999999982,0.1,0.14833148924318476,-0.004237299412967396,-0.19332595697273902,0.1937192830202461,1.112891639196247
0.6429999999998199,0.1,0.14830188156212054,-0.028451282810103663,-0.19320752624848214,0.19367178754921177,1.112603404245949
0.6439999999998198,0.1,0.14828112758931133,-0.019449669444544383,-0.19312451035724532,0.19361719368536168,1.102417074464086
0.6449999999998197,0.1,0.14837656469726246,0.0969716831315971,-0.1935062587890498,0.1935597531918276,1.1230024503066884
0.6459999999998196,0.1,0.14844647969141697,0.07134498774456323,-0.19378591876566786,0.1935462317255947,1.1143711255759496
0.6469999999998195,0.1,0.14853202286183959,0.08700920164037597,-0.19412809144735832,0.19356203043343978,1.1097219771500202
0.6479999999998194,0.1,0.14859845750609715,0.06797239618045037,-0.1943938300243886,0.1936104715619491,1.1151189397403378
0.6489999999998193,0.1,0.14861999210199495,0.022924047570443147,-0.19447996840797976,0.19368065029266734,1.1278726820796274
0.6499999999998192,0.1,0.14860797546064675,-0.010509682715495522,-0.19443190184258696,0.1937524326425324,1.1006102596897356
0.6509999999998191,0.1,0.14860008338484162,-0.0061976955185436885,-0.19440033353936648,0.19381223747685983,1.1661270739401124
0.651999999999819,0.1,0.14869854910393382,0.09956949000328351,-0.19479419641573525,0.19386291262933142,1.1106786969952087
0.6529999999998188,0.1,0.14877169148923833,0.0746363332568323,-0.1950867659569533,0.19394791420716828,1.1144400373142098
0.6539999999998187,0.1,0.14883454424663764,0.0645452137434733,-0.19533817698655054,0.19405368361772446,1.1158612842746825
0.6549999999998186,0.1,0.14885350330481262,0.020733763100737056,-0.19541401321925045,0.1941740300463426,1.1272584883595704
0.6559999999998185,0.1,0.14884673854540562,-0.005163060079962734,-0.19538695418162244,0.1942899378611198,1.1271534516239101
0.6569999999998184,0.1,0.1488152128861686,-0.030087242441600315,-0.19526085154467443,0.19439155997937707,1.1272257358506361
0.6579999999998183,0.1,0.148770167031682,-0.04348256900038261,-0.19508066812672797,0.19447041802760978,1.1085115847949982
0.6589999999998182,0.1,0.14881722029333838,0.04884546966997551,-0.1952688811733535,0.19452337993464663,1.1176117969823052
0.6599999999998181,0.1,0.1488182672447783,0.002602091632946064,-0.19527306897911323,0.19458987271330308,1.1303577825709767
0.660999999999818,0.1,0.14878832648995252,-0.028459333630739072,-0.19515330595981006,0.1946501416089994,1.1048796635991442
0.6619999999998178,0.1,0.1488091581621892,0.022376306663955306,-0.1952366326487568,0.19469241287113892,1.1456366888996619
0.6629999999998177,0.1,0.14869830128693542,-0.10929641956892688,-0.19479320514774168,0.19473879462274013,1.1006953312310954
0.6639999999998176,0.1,0.14865406017758961,-0.04243160805230982,-0.19461624071035843,0.1947361966541088,1.181220087771053
0.6649999999998175,0.1,0.14874845058843586,0.09542735848898001,-0.19499380235374342,0.1947161626439815,1.1137684039951372
0.6659999999998174,0.1,0.14882106278259666,0.07405082706059239,-0.1952842511303866,0.19473588910358863,1.1157022234164453
0.6669999999998173,0.1,0.14886687946768037,0.047400105684453415,-0.19546751787072147,0.19478269321832542,1.1151120195231192
0.6679999999998172,0.1,0.14888207452746322,0.01675075790509746,-0.19552829810985284,0.19484315013538644,1.115695922061252
0.6689999999998171,0.1,0.14887265830534235,-0.007891250801663807,-0.1954906332213694,0.1949036462744802,1.1151944947410484
0.669999999999817,0.1,0.1488387043375853,-0.03244143710982447,-0.19535481735034121,0.19495433219439562,1.1150901004067246
0.6709999999998169,0.1,0.14890915495167578,0.07197614406348989,-0.1956366198067031,0.1949863730151824,1.110294255510244
0.6719999999998167,0.1,0.1489503254393601,0.042710737353614095,-0.19580130175744037,0.19504339536930626,1.1200984253044393
0.6729999999998166,0.1,0.14896115277118388,0.012494731915513693,-0.1958446110847355,0.1951111910959007,1.1042275326094264
0.6739999999998165,0.1,0.1489521918576702,-0.007191557370530337,-0.19580876743068076,0.1951765458813428,1.1544024134257589
0.6749999999998164,0.1,0.14904779240519603,0.0968843554575705,-0.1961911696207841,0.19523178878064051,1.1092041463421844
0.6759999999998163,0.1,0.14909133699444538,0.0451473651257851,-0.1963653479777815,0.19531975584734074,1.116479188204137
0.6769999999998162,0.1,0.1491022403885981,0.012511366648274767,-0.19640896155439236,0.19541635400894553,1.117420775571584
0.6779999999998161,0.1,0.14909009967540393,-0.010538385044175124,-0.1963603987016157,0.19550766369251704,1.1167262624645728
0.678999999999816,0.1,0.1490540609936,-0.034419851350817696,-0.19621624397439996,0.1955849946625623,1.1165114927620416
0.6799999999998159,0.1,0.14899458657002104,-0.057827326454891956,-0.19597834628008415,0.195640183391939,1.1165509502572792
0.6809999999998158,0.1,0.14904094822239436,0.047980594270301845,-0.19616379288957742,0.19566606803618836,1.1136793445481963
0.6819999999998156,0.1,0.14903901194277988,-0.0002726379915641314,-0.1961560477711195,0.1957079124289125,1.108334793265718
0.6829999999998155,0.1,0.14907714752302645,0.03974251771357409,-0.19630859009210577,0.19574480272980033,1.127967935664137
0.6839999999998154,0.1,0.14904293967741855,-0.032545669564472045,-0.19617175870967418,0.19579326349865145,1.1013848072903303
0.6849999999998153,0.1,0.14902123836262457,-0.01988258539038038,-0.19608495345049826,0.1958231993113415,1.1642436236038787
0.6859999999998152,0.1,0.14910437015892486,0.08432726656963511,-0.19641748063569942,0.19584146538863134,1.1105128310433443
0.6869999999998151,0.1,0.14913981932679898,0.03711089643848704,-0.1965592773071959,0.19589116110450977,1.1113382725151288
0.687999999999815,0.1,0.14915033747419318,0.01237200892647276,-0.1966013498967727,0.19595007389419727,1.137645927200744
0.6889999999998149,0.1,0.14909510244367882,-0.05348510279909062,-0.19638040977471527,0.1960073088658536,1.112137831523862
0.6899999999998148,0.1,0.14909661550669176,0.0032198527822753656,-0.19638646202676702,0.19603673051272352,1.1482352156588957
0.6909999999998147,0.1,0.1489700207921072,-0.12495105202053039,-0.19588008316842875,0.19606381822927688,1.1031245600554511
0.6919999999998145,0.1,0.1489381663630023,-0.029815700803211047,-0.1957526654520092,0.19603755898562802,1.1261558815892125
0.6929999999998144,0.1,0.1489962416043609,0.05977170593117912,-0.19598496641744356,0.19600118016605617,1.1090615326907298
0.6939999999998143,0.1,0.1490468558150307,0.052323419227645794,-0.19618742326012273,0.19599166877403285,1.1098861630780539
0.6949999999998142,0.1,0.14907151119622555,0.026379031731230212,-0.1962860447849022,0.19600335615222164,1.1092817554655927
0.6959999999998141,0.1,0.14907858576567595,0.008698029863954817,-0.1963143430627038,0.1960237398383713,1.1229034977655432
0.696999999999814,0.1,0.14906344775596816,-0.013460742652932076,-0.19625379102387264,0.1960449175422898,1.101381069856169
0.6979999999998139,0.1,0.14903598289764408,-0.025700903047103412,-0.1961439315905763,0.1960579248818961,1.1612421211428146
0.6989999999998138,0.1,0.14912528871780606,0.09046060289028343,-0.19650115487122422,0.1960586481963622,1.109508794224057
0.6999999999998137,0.1,0.14918641129985827,0.06262121085735751,-0.19674564519943305,0.19609502425947678,1.1143682106690114
0.7009999999998136,0.1,0.14923891522322502,0.05415090468278314,-0.19695566089290006,0.19615221789467618,1.1157759788601915
0.7019999999998134,0.1,0.14924788262224448,0.010635677930764701,-0.19699153048897788,0.1962247017815475,1.1278997730560847
0.7029999999998133,0.1,0.14921959915381175,-0.02659323469649266,-0.19687839661524698,0.196293531674665,1.1090063320958623
0.7039999999998132,0.1,0.14917483517073402,-0.04313612859261426,-0.19669934068293604,0.1963441714326999,1.1559292690197094
0.7049999999998131,0.1,0.14900975797813862,-0.16357088153117452,-0.19603903191255445,0.19637184462311996,1.1009468235404698
0.705999999999813,0.1,0.14901310065209836,0.005396217048104731,-0.1960524026083934,0.19633071861685014,1.1233186644821995
0.7069999999998129,0.1,0.14901019306644092,-0.0010632945384959412,-0.19604077226576366,0.19629503754135946,1.1295183281786727
0.7079999999998128,0.1,0.14898767073006866,-0.020991023891318315,-0.19595068292027462,0.19626175904932452,1.1285149303226807
0.7089999999998127,0.1,0.14893925092814395,-0.04684572648290291,-0.19575700371257576,0.1962227960795353,1.1076702853528002
0.7099999999998126,0.1,0.14895698110231687,0.019434620074891742,-0.19582792440926744,0.19616835733507898,1.1399553840875685
0.7109999999998124,0.1,0.1488646091823107,-0.09066761380235076,-0.1954584367292428,0.19612645068513412,1.1056076106699784
0.7119999999998123,0.1,0.14881154985612738,-0.0512640179579612,-0.1952461994245095,0.19605177980315602,1.1727337798146333
0.7129999999998122,0.1,0.14857605105067453,-0.2338615869611761,-0.19430420420269812,0.19596334350313604,1.1005092922499864
0.7139999999998121,0.1,0.14856284210806342,-0.010901191552603873,-0.19425136843225366,0.19578953707669644,1.1289932698823568
0.714999999999812,0.1,0.1484825580986197,-0.07842749843218552,-0.19393023239447882,0.1956278103138267,1.1474654606884638
0.7159999999998119,0.1,0.14836153464375593,-0.11948698843095262,-0.19344613857502369,0.195450125297028,1.1084158511561797
0.7169999999998118,0.1,0.14843652745186467,0.07665741282631718,-0.19374610980745866,0.19524178014200544,1.1301204323140068
0.7179999999998117,0.1,0.14848796649510868,0.05290935732266902,-0.19395186598043468,0.19508425204213165,1.1142596962355689
0.7189999999998116,0.1,0.1485222992112813,0.03593503724229217,-0.19408919684512516,0.19496304006674148,1.1096689108793956
0.7199999999998115,0.1,0.14854188079701736,0.021142824800928547,-0.1941675231880694,0.1948676739356232,1.1340362359720817
0.7209999999998113,0.1,0.14862708612825049,0.08655367250298464,-0.19450834451300192,0.1947896714916455,1.1068020105555072
