# time, roll_desired, roll, steer_desired, steer 
0.001,0.15,-1.6713763579954643e-06,0.0013192191180087633,3.6684931536967724e-08
0.002,0.15,-3.3581973408433915e-06,0.002314152732436669,-8.250839728040933e-08
0.003,0.15,-4.282516551871365e-06,0.0031109544514023833,5.338255099141247e-08
0.004,0.15,-6.816340830524932e-06,0.004437830087994599,-2.1560513955975834e-08
0.005,0.15,-7.549728417711262e-06,0.005009271206624211,8.652027845712697e-09
0.006,0.15,-1.0112863083376338e-05,0.006385023083099823,3.4217064737163128e-09
0.007,0.15,-1.0785459799716228e-05,0.006937283858482965,-1.969358765831866e-06
0.008,0.15,-1.3314065102176034e-05,0.008319136636492143,-3.741975601509392e-06
0.009000000000000001,0.15,-1.3964549864877853e-05,0.008873867072617392,-5.337332594053097e-06
0.010000000000000002,0.15,-1.648994797377698e-05,0.010260325098630145,-6.773152457897963e-06
0.011000000000000003,0.15,-1.711957981974867e-05,0.010811420597201169,-8.065391791489024e-06
0.012000000000000004,0.15,-1.950907567079516e-05,0.012175297509133286,-1.8330609570425995e-05
0.013000000000000005,0.15,-1.9998791594629724e-05,0.012725182516488073,-2.7569320388906865e-05
0.014000000000000005,0.15,-2.2414594889874313e-05,0.014123273488377636,-3.5884158637962166e-05
0.015000000000000006,0.15,-2.2910138211291406e-05,0.014668993380868668,-4.336751450073111e-05
0.016000000000000007,0.15,-2.5349982840096246e-05,0.016071634322515602,-5.010253319633972e-05
0.017000000000000008,0.15,-2.554258164420034e-05,0.016551940537196313,-7.662459777231569e-05
0.01800000000000001,0.15,-2.7729170982462006e-05,0.017964633672296865,-0.00010049448447235624
0.01900000000000001,0.15,-2.7983250259787807e-05,0.018507009868035655,-0.00012197738399017973
0.02000000000000001,0.15,-3.0244066207090605e-05,0.019923265010777354,-0.000141311991846773
0.02100000000000001,0.15,-3.05484790345228e-05,0.020460903826488724,-0.0001587131402316757
0.022000000000000013,0.15,-3.2340121858011995e-05,0.02177602948457535,-0.00020942544182827937
0.023000000000000013,0.15,-3.220595759380214e-05,0.022318244774170465,-0.0002550665664647424
0.024000000000000014,0.15,-3.415709342146466e-05,0.0237507781489916,-0.0002961435769748888
0.025000000000000015,0.15,-3.414848853143793e-05,0.024286403034526262,-0.000333112887631165
0.026000000000000016,0.15,-3.623468789226208e-05,0.02572207765227267,-0.0003663852651845238
0.027000000000000017,0.15,-3.552591830882108e-05,0.026095900416515265,-0.00044829953807904224
0.028000000000000018,0.15,-3.700440462048793e-05,0.027548661704593424,-0.0005220224587124634
0.02900000000000002,0.15,-3.653570721015108e-05,0.028084668375930197,-0.0005883730886955313
0.03000000000000002,0.15,-3.825048277293858e-05,0.029538185364043085,-0.0006480886534249276
0.03100000000000002,0.15,-3.797928976519865e-05,0.030066918891118004,-0.0007018326625460242
0.03200000000000002,0.15,-3.878425828495454e-05,0.0313106822590099,-0.000820755117011748
0.03300000000000002,0.15,-3.711350813302256e-05,0.03172607303956342,-0.0009277833333765521
0.03400000000000002,0.15,-3.752976268656223e-05,0.03317004651303701,-0.0010241101985421532
0.035000000000000024,0.15,-3.579720515624575e-05,0.03366887636041862,-0.001110804937563744
0.036000000000000025,0.15,-3.623632231714552e-05,0.03512789804000138,-0.0011888304066268345
0.037000000000000026,0.15,-3.483623762289522e-05,0.03554481046242927,-0.001349180600254563
0.03800000000000003,0.15,-3.5428798094361174e-05,0.036967946385225624,-0.0014934963506145166
0.03900000000000003,0.15,-3.375193006875335e-05,0.037412801205933585,-0.0016233805969510897
0.04000000000000003,0.15,-3.504710542933209e-05,0.039031877286252646,-0.0017402764424133224
0.04100000000000003,0.15,-3.378920454439827e-05,0.03942071346883811,-0.0018454827142896783
0.04200000000000003,0.15,-3.3467076323445444e-05,0.04071443826050685,-0.002050376465023172
0.04300000000000003,0.15,-3.0756019419728095e-05,0.04112391492940676,-0.002234781028658137
0.04400000000000003,0.15,-3.1219892114496866e-05,0.04277912999054966,-0.0024007451418622985
0.04500000000000003,0.15,-2.9168491278020116e-05,0.04316939358238847,-0.0025501128474162277
0.046000000000000034,0.15,-3.024433699100985e-05,0.044821446910919265,-0.00268454377922968
0.047000000000000035,0.15,-2.6359221363881455e-05,0.04480356321785717,-0.0029360326194552686
0.048000000000000036,0.15,-2.5852938608696126e-05,0.046494199377175006,-0.0031623727919774755
0.04900000000000004,0.15,-2.288958201358225e-05,0.046889674271444436,-0.0033660789584081725
0.05000000000000004,0.15,-2.321820079896399e-05,0.04857072597273142,-0.0035494145073389515
0.05100000000000004,0.15,-2.096631085588143e-05,0.04894783697626142,-0.0037144165021770017
0.05200000000000004,0.15,-1.9324809548454697e-05,0.05017044614261096,-0.004013678456890724
0.05300000000000004,0.15,-1.5317004177363133e-05,0.05057771524821146,-0.004283014471396896
0.05400000000000004,0.15,-1.4784185247582552e-05,0.052291291458223,-0.004525416892624625
0.05500000000000004,0.15,-1.1717994679151421e-05,0.052672746063246345,-0.0047435790755760805
0.05600000000000004,0.15,-1.2049061177555844e-05,0.054378588240600184,-0.004939925036153841
0.057000000000000044,0.15,-6.836171740015573e-06,0.054226233256262725,-0.005287325890485426
0.058000000000000045,0.15,-5.317053376332025e-06,0.05597987310829245,-0.005599986944045446
0.059000000000000045,0.15,-1.3264032916468122e-06,0.05636869631262209,-0.00588138190664736
0.060000000000000046,0.15,-9.06579495003927e-07,0.0581066682240196,-0.006134637372374602
0.06100000000000005,0.15,2.1399883831731612e-06,0.058471797099256206,-0.00636256729182506
0.06200000000000005,0.15,4.800480990019467e-06,0.059628624547871274,-0.006757884107993054
0.06300000000000004,0.15,9.836536899502188e-06,0.06003228316745119,-0.007113669565396911
0.06400000000000004,0.15,1.1111754675732928e-05,0.061805986567570886,-0.007433876488300495
0.06500000000000004,0.15,1.519657361494749e-05,0.06212278473486392,-0.007722062779337411
0.06600000000000004,0.15,1.563791921362655e-05,0.0638810036188008,-0.007981430382675915
0.06700000000000005,0.15,1.8818937633931372e-05,0.06422588864622746,-0.008214861217875088
0.06800000000000005,0.15,2.2416425465091073e-05,0.06521508334187183,-0.008677997230098005
0.06900000000000005,0.15,2.8404421973387382e-05,0.06561552029768378,-0.00909482003926633
0.07000000000000005,0.15,3.0462088853855142e-05,0.06742548071886782,-0.009469960572478507
0.07100000000000005,0.15,3.513246150900898e-05,0.06778893970679248,-0.00980758705452286
0.07200000000000005,0.15,3.598762533188822e-05,0.06958386816051451,-0.010111450882665601
0.07300000000000005,0.15,4.317136620217001e-05,0.06922562109582928,-0.010615638009091625
0.07400000000000005,0.15,4.620088829566921e-05,0.0710797201998225,-0.011069406781465695
0.07500000000000005,0.15,5.178970271218004e-05,0.0714511302898263,-0.011477798685742674
0.07600000000000005,0.15,5.338807935806817e-05,0.07328088111658491,-0.011845351396043044
0.07700000000000005,0.15,5.7737957517477836e-05,0.07362062136730753,-0.012176148834287042
0.07800000000000006,0.15,6.19186435741857e-05,0.07469016263284374,-0.012721699034287779
0.07900000000000006,0.15,6.856586810254913e-05,0.07507817852104351,-0.013212694605577809
0.08000000000000006,0.15,7.103029658001199e-05,0.07694653418119149,-0.013654590624464301
0.08100000000000006,0.15,7.620566246749574e-05,0.0772926718111865,-0.014052297043295236
0.08200000000000006,0.15,7.733023463432302e-05,0.07914219516407706,-0.014410232813797018
0.08300000000000006,0.15,8.520273696103513e-05,0.07866263058848157,-0.01499648070202185
0.08400000000000006,0.15,7.731920390144817e-05,0.08300997231691133,-0.015524102754164978
0.08500000000000006,0.15,7.23850338390334e-05,0.08335473678112713,-0.015998963743082482
0.08600000000000006,0.15,6.335676163311604e-05,0.08526763764556403,-0.01642633895754696
0.08700000000000006,0.15,5.743487776478819e-05,0.08559609978114482,-0.016810976769562155
0.08800000000000006,0.15,7.681744998779395e-05,0.0810144625518672,-0.017437472893796244
0.08900000000000007,0.15,0.0002899309099086009,0.03871081928832341,-0.018001326346133908
0.09000000000000007,0.15,0.000527617737127084,0.03355280974210014,-0.018508794559572446
0.09100000000000007,0.15,0.0007695777884496025,0.032823969736479226,-0.018965515744081694
0.09200000000000007,0.15,0.0010084433309276372,0.03372122411993116,-0.019376564828621604
0.09300000000000007,0.15,0.0012552614932918214,0.0321615186847949,-0.020026972222994162
0.09400000000000007,0.15,0.0014983619697999425,0.033179392659842565,-0.020612339288390256
0.09500000000000007,0.15,0.0017453842044297455,0.03250714986804841,-0.021139169651266658
0.09600000000000007,0.15,0.0019887024647663185,0.03351898453361086,-0.021613316971935793
0.09700000000000007,0.15,0.002204106949424581,0.039977377936931645,-0.022040048550554955
0.09800000000000007,0.15,0.002418097471887118,0.040517932216026224,-0.022657612526466166
0.09900000000000007,0.15,0.0026359004106445935,0.039906114602909534,-0.023213420474528613
0.10000000000000007,0.15,0.0028496802591871364,0.04102431570023666,-0.023713647635151852
0.10100000000000008,0.15,0.003067299196189212,0.040402180507969024,-0.02416385208568825
0.10200000000000008,0.15,0.003280889625560692,0.04151781981351359,-0.02456903608644511
0.10300000000000008,0.15,0.003564670299637894,0.026211084579300506,-0.025129944091827252
0.10400000000000008,0.15,0.003854359179315177,0.024943529797346542,-0.025634758790372546
0.10500000000000008,0.15,0.00434740357669657,-0.020351486651733405,-0.026089093988053855
0.10600000000000008,0.15,0.004833819785617605,-0.019474489605661935,-0.026497995959049503
0.10700000000000008,0.15,0.005326003621876314,-0.0213580808119489,-0.026866007651422674
0.10800000000000008,0.15,0.00581678267304911,-0.021688935734622924,-0.027350779550504578
0.10900000000000008,0.15,0.006312125784514838,-0.023346093759457218,-0.027787074496527175
0.11000000000000008,0.15,0.006803689822806712,-0.023163203063016544,-0.028179739945240725
0.11100000000000008,0.15,0.007299801475734185,-0.024825898061305085,-0.02853313885035364
0.11200000000000009,0.15,0.007792102359757388,-0.024645104794619607,-0.02885119785772573
0.11300000000000009,0.15,0.008289884621103796,-0.026524938961312278,-0.029201123079692824
0.11400000000000009,0.15,0.008783803610563747,-0.026344428945618295,-0.029516055866957058
0.11500000000000009,0.15,0.009282386281603978,-0.02805390808271699,-0.029799495376795358
0.11600000000000009,0.15,0.009922485324447073,-0.060250611955907654,-0.030054590274051326
0.11700000000000009,0.15,0.01056510016278708,-0.061947080272831745,-0.030284176181008433
0.11800000000000009,0.15,0.011204563297694514,-0.062404699323706195,-0.030470058430192154
0.11900000000000009,0.15,0.011849386571841904,-0.0647561506309409,-0.03063735244336241
0.12000000000000009,0.15,0.012490514675256947,-0.06511490774833653,-0.030787917093829442
0.1210000000000001,0.15,0.013198772699458553,-0.08122602351346844,-0.030923425270346132
0.1220000000000001,0.15,0.013902402926322725,-0.08157620206538693,-0.03104538252860181
0.1230000000000001,0.15,0.01460964204191595,-0.08376342912860074,-0.031033098400265052
0.1240000000000001,0.15,0.015326316306376285,-0.08724551017846204,-0.031022042705309977
0.12500000000000008,0.15,0.016048094347889306,-0.0898171508131598,-0.031012092191585877
0.12600000000000008,0.15,0.016781103892831883,-0.09376593915523314,-0.03100313712846106
0.12700000000000009,0.15,0.017519293909770785,-0.09640562522737887,-0.030995077141611566
0.12800000000000009,0.15,0.018271554886588378,-0.10105293384807698,-0.03098782361686539
0.1290000000000001,0.15,0.018963739826617608,-0.0892385707748801,-0.03069206050034748
0.1300000000000001,0.15,0.01972338028335695,-0.10562695702804537,-0.030425875124002216
0.1310000000000001,0.15,0.020494998743403825,-0.10987575276243641,-0.030186305814978637
0.1320000000000001,0.15,0.021315581467547837,-0.1224332928924243,-0.029970695519619645
0.1330000000000001,0.15,0.02214599572587857,-0.12642139356291252,-0.029776644518244494
0.1340000000000001,0.15,0.023015290167331563,-0.13693106082514722,-0.02924992107299254
0.1350000000000001,0.15,0.02389181014694998,-0.14051529651900135,-0.02877586826147241
0.1360000000000001,0.15,0.02478843805106932,-0.14699299774000762,-0.028349221521836304
0.1370000000000001,0.15,0.02569158067757706,-0.1504999170438164,-0.027965238683096777
0.1380000000000001,0.15,0.02659064332854591,-0.15171823969315912,-0.027619654396893983
0.1390000000000001,0.15,0.027518595235312967,-0.16023753054124729,-0.02684650599029706
0.1400000000000001,0.15,0.028443037075986607,-0.1616190299555758,-0.026150671157699895
0.1410000000000001,0.15,0.029373489740985786,-0.16514807032729797,-0.025524419718330554
0.1420000000000001,0.15,0.03031268359882587,-0.16930597156384364,-0.02496079376527885
0.1430000000000001,0.15,0.03125708409913096,-0.1727174668686942,-0.024453530154478292
0.1440000000000001,0.15,0.03221654800162296,-0.17834348387710747,-0.02342084182661744
0.1450000000000001,0.15,0.03317891778397699,-0.18130594008348522,-0.022491421050466448
0.1460000000000001,0.15,0.03413930929696301,-0.1832059762709086,-0.021654941948445666
0.1470000000000001,0.15,0.03510425099826005,-0.18656240223674825,-0.020902110862265927
0.1480000000000001,0.15,0.0360688326381592,-0.18884711402938176,-0.020224562776428284
0.1490000000000001,0.15,0.037023847618763484,-0.18908060792827946,-0.018931848019462377
0.1500000000000001,0.15,0.03797127803927268,-0.18973204148385373,-0.01776840269039806
0.1510000000000001,0.15,0.0389231117289054,-0.1930415256765754,-0.016721302177076153
0.1520000000000001,0.15,0.03987018539264734,-0.19432508182425004,-0.015778911680259716
0.1530000000000001,0.15,0.04082120350579476,-0.19753467043772271,-0.014930760148159555
0.1540000000000001,0.15,0.041777599516773435,-0.20108944954600502,-0.013391117061762797
0.1550000000000001,0.15,0.04273600911913676,-0.20391621796630557,-0.012005437151888648
0.1560000000000001,0.15,0.04367638691415116,-0.20229031075742404,-0.01075832428572046
0.1570000000000001,0.15,0.044619959706598745,-0.2053449798112574,-0.009635923415089925
0.1580000000000001,0.15,0.04555189643673655,-0.20511281422534763,-0.008625762073831394
0.1590000000000001,0.15,0.046469078384552116,-0.20415101931215263,-0.0068634779165849535
0.16000000000000011,0.15,0.04736746557459196,-0.20224832203888327,-0.00527741921608485
0.16100000000000012,0.15,0.04830887852423329,-0.21406429388823026,-0.0038499674547555485
0.16200000000000012,0.15,0.04919756785322009,-0.2046963793934209,-0.0025652591182131756
0.16300000000000012,0.15,0.050083021550759194,-0.20618823939838987,-0.0014090237170018283
0.16400000000000012,0.15,0.05093775019316936,-0.20155232435639545,0.0005438388505126512
0.16500000000000012,0.15,0.05178803319059431,-0.20268480397972796,0.0023014115275770963
0.16600000000000012,0.15,0.052594781673998336,-0.19508874842216253,0.0038832308490231726
0.16700000000000012,0.15,0.05340027257731519,-0.19678830282107737,0.005306866736314392
0.16800000000000012,0.15,0.05417245128503684,-0.19133675901816333,0.006588140815500049
0.16900000000000012,0.15,0.05492535772166449,-0.18891855863073623,0.008688284830374288
0.17000000000000012,0.15,0.055642691278611704,-0.18280990868878366,0.01057841825273495
0.17100000000000012,0.15,0.056360337439862844,-0.18459498237515726,0.012279537450039152
0.17200000000000013,0.15,0.057046681738449144,-0.17932549948724746,0.01381054643421073
0.17300000000000013,0.15,0.05773512979039976,-0.18141121745850222,0.015188453549151854
0.17400000000000013,0.15,0.05840288431544525,-0.17842821704370887,0.01737641019191169
0.17500000000000013,0.15,0.05906954591202608,-0.17974689193194843,0.019345571427284186
0.17600000000000013,0.15,0.059692639924656364,-0.17161456164182998,0.021117818620697365
0.17700000000000013,0.15,0.06031646634049919,-0.17321768500969492,0.02271283980643854
0.17800000000000013,0.15,0.06090425119870336,-0.1666243200660719,0.024148360457219548
0.17900000000000013,0.15,0.06147405813411874,-0.16394056805469484,0.0263637277743399
0.18000000000000013,0.15,0.06200488980069516,-0.1565276693185091,0.028357562330110747
0.18100000000000013,0.15,0.06253688712201662,-0.15795457406829272,0.030152012706547632
0.18200000000000013,0.15,0.0630310545130373,-0.15067853838547515,0.03176701975879989
0.18300000000000013,0.15,0.06352731898872285,-0.15218006758389802,0.03322052488360913
0.18400000000000014,0.15,0.06399587152284641,-0.14705895310927633,0.03540535607318293
0.18500000000000014,0.15,0.06446351154582175,-0.1478314242759697,0.03737170434798873
0.18600000000000014,0.15,0.06488245212374848,-0.1379423331872245,0.039141420124381016
0.18700000000000014,0.15,0.06530210244732396,-0.13891739858675292,0.04073416277842376
0.18800000000000014,0.15,0.06567872375383399,-0.1301386775637075,0.042167632991340825
0.18900000000000014,0.15,0.06603966090971776,-0.12732266359528285,0.04426715427845326
0.19000000000000014,0.15,0.0663539420789958,-0.11756631281661482,0.04615672723356176
0.19100000000000014,0.15,0.06666942433370604,-0.11833678199839309,0.04785734173204101
0.19200000000000014,0.15,0.06693986876769076,-0.10878813324083617,0.04938789651681183
0.19300000000000014,0.15,0.06744373620245867,-0.1611515536830983,0.05076539172361336
0.19400000000000014,0.15,0.06769569458831401,-0.10609711845649264,0.052727561183164434
0.19500000000000015,0.15,0.06791484046047537,-0.09913340765088238,0.05449350393102623
0.19600000000000015,0.15,0.06794323186134141,-0.056792456492294155,0.05608286241234825
0.19700000000000015,0.15,0.06795128704601984,-0.051881826486775154,0.057513277965333204
0.19800000000000015,0.15,0.06782417499243167,-0.021248564113594343,0.05880065856360303
0.19900000000000015,0.15,0.06767218799942365,-0.014803723626679366,0.060583223074356235
0.20000000000000015,0.15,0.067416585454484,0.009308496570968584,0.06218753759168613
0.20100000000000015,0.15,0.06715436390586241,0.012098696527518722,0.0636314172153952
0.20200000000000015,0.15,0.06681172879041006,0.031381051688045766,0.06493091236415047
0.20300000000000015,0.15,0.06646592222377544,0.03369385683484834,0.06610045529655881
0.20400000000000015,0.15,0.06605854615873319,0.04906334576271339,0.06758991958488778
0.20500000000000015,0.15,0.065648690855126,0.05144985752239904,0.0689304358216006
0.20600000000000016,0.15,0.06517431977598616,0.06766953617051524,0.07013690287754457
0.20700000000000016,0.15,0.0646998636714775,0.06971650173551805,0.0712227213979034
0.20800000000000016,0.15,0.0641695791341901,0.08425064476667446,0.07219996007198456
0.20900000000000016,0.15,0.06363603651869616,0.08721520267449005,0.07328390478625621
0.21000000000000016,0.15,0.06305417709399785,0.10022311098956183,0.07425945712363421
0.21100000000000016,0.15,0.06247291387686429,0.10252797498242017,0.0751374525091629
0.21200000000000016,0.15,0.061837599854187984,0.11701764758302674,0.07592764996746801
0.21300000000000016,0.15,0.06120567576637489,0.11883362822870913,0.076638826720243
0.21400000000000016,0.15,0.060527419886468835,0.13174797203505934,0.07724197555559673
0.21500000000000016,0.15,0.05985255058012867,0.13371593130401938,0.07778480845246935
0.21600000000000016,0.15,0.05917069675919536,0.13812841972742831,0.07827335866552829
0.21700000000000016,0.15,0.0584568602321905,0.14800294544163303,0.07871305426632044
0.21800000000000017,0.15,0.057733929619200555,0.15280151707776068,0.07910877992589746
0.21900000000000017,0.15,0.05701911206398324,0.15389322440813108,0.07918993021624185
0.22000000000000017,0.15,0.05625577078838489,0.1676352720372311,0.07926296593931834
0.22100000000000017,0.15,0.05549623945658888,0.16985006110357065,0.0793286970343626
0.22200000000000017,0.15,0.05469396146785727,0.18242778130413406,0.07938785591385197
0.22300000000000017,0.15,0.053896561893766855,0.18451196180895268,0.07944109821136056
0.22400000000000017,0.15,0.053055251200824216,0.19748654527331336,0.07899015745487592
0.22500000000000017,0.15,0.052572854447586186,0.12085677643488899,0.0785843062692706
0.22600000000000017,0.15,0.05173829836261004,0.20152127313314383,0.07821904894288156
0.22700000000000017,0.15,0.05086366221037776,0.2136916659374113,0.07789030449879952
0.22800000000000017,0.15,0.0497574138698302,0.26877328653929156,0.07759444527988979
0.22900000000000018,0.15,0.04864115331181178,0.27513873765810437,0.07662896796282226
0.23000000000000018,0.15,0.04736785876936843,0.3144244320080356,0.07576004303768613
0.23100000000000018,0.15,0.046083984532066434,0.3214923364584796,0.07497800554955436
0.23200000000000018,0.15,0.044701841968481475,0.3482063698568634,0.07427417566289396
0.23300000000000018,0.15,0.043315541247645695,0.3542290693017051,0.07364072580348768
0.23400000000000018,0.15,0.04185203829166998,0.3766001496816219,0.07212867561065739
0.23500000000000018,0.15,0.04039216975383968,0.38119588296479595,0.07076782704740747
0.23600000000000018,0.15,0.038898180386533816,0.39422178467799973,0.06954306370309205
0.23700000000000018,0.15,0.037410386938840294,0.39835549648354096,0.06844077622212019
0.23800000000000018,0.15,0.035902944286990424,0.40824493235571735,0.06744871759029092
0.23900000000000018,0.15,0.03442938857628606,0.4062897415969987,0.06530931622972247
0.24000000000000019,0.15,0.03294944728463428,0.4132087255169768,0.0633838507362956
0.2410000000000002,0.15,0.03147770863802312,0.4169349182195739,0.0616509321408083
0.2420000000000002,0.15,0.029994966877439667,0.42488598672598954,0.06009130501361959
0.2430000000000002,0.15,0.0285218240435571,0.4282831898703382,0.05868764073462085
0.2440000000000002,0.15,0.027025708567213393,0.43894587306955857,0.055894043555206
0.2450000000000002,0.15,0.0255460460499292,0.44089373088875755,0.053379803862483755
0.2460000000000002,0.15,0.024093217967098814,0.4404883516036291,0.05111698506356621
0.2470000000000002,0.15,0.02265441912433992,0.4428652516584525,0.04908044980616477
0.2480000000000002,0.15,0.02123499450348914,0.4440026425509054,0.04724756612748404
0.2490000000000002,0.15,0.019866920124535475,0.4379754863021881,0.04383012559050847
0.25000000000000017,0.15,0.018526828426208317,0.4370033429031457,0.04075442058440526
0.25100000000000017,0.15,0.01720153539122815,0.4388943847806796,0.037986287601051494
0.25200000000000017,0.15,0.015904650184407124,0.4376962216484007,0.03549496551313425
0.25300000000000017,0.15,0.01462236447267534,0.43949168725838855,0.033252776783055715
0.25400000000000017,0.15,0.01336066772978425,0.43992230676918487,0.031234804525536397
0.25500000000000017,0.15,0.012162471782727731,0.43074841348678916,0.027065430023695214
0.25600000000000017,0.15,0.01100293599506457,0.4268985601084817,0.02331298213964761
0.2570000000000002,0.15,0.010061691071166038,0.38292709573790584,0.019935777046654835
0.2580000000000002,0.15,0.008982575816927211,0.4175990028129778,0.0168962956878822
0.2590000000000002,0.15,0.007891877232501572,0.42456881721946876,0.014160756353133408
0.2600000000000002,0.15,0.006703929302901196,0.45068398083955286,0.009626713148096044
0.2610000000000002,0.15,0.005520727258751955,0.45439642546206194,0.005546065844721504
0.2620000000000002,0.15,0.004335267163344896,0.4596615016817087,0.0018734820643002692
0.2630000000000002,0.15,0.0031599731220590564,0.46218407431855724,-0.0014318522970443574
0.2640000000000002,0.15,0.0020079368184434928,0.46175084108714876,-0.004406647978378768
0.2650000000000002,0.15,0.0009134189724063082,0.45362798972323093,-0.009209107451975505
0.2660000000000002,0.15,-0.00013238794033682897,0.4472877486970727,-0.01353133274900262
0.2670000000000002,0.15,-0.0011617744251182967,0.4479965839374658,-0.017421334684488376
0.2680000000000002,0.15,-0.0021353373443728594,0.4398745607651205,-0.020922342158921026
0.2690000000000002,0.15,-0.0030924186358201487,0.44034584199043203,-0.02407324685650187
0.2700000000000002,0.15,-0.004012383658639165,0.4361795590213263,-0.029079053200537018
0.2710000000000002,0.15,-0.004907502442853869,0.4346545261122655,-0.03358428047096146
0.2720000000000002,0.15,-0.005707921002300761,0.4174501592337877,-0.03763899532349354
0.2730000000000002,0.15,-0.006483557737045237,0.4155513144999229,-0.04128823450312624
0.2740000000000002,0.15,-0.007170084414311911,0.39923803287334275,-0.04457255739454486
0.2750000000000002,0.15,-0.00779054290732359,0.38774865067799064,-0.049686504635144575
0.2760000000000002,0.15,-0.008317084934970485,0.3698988812059116,-0.05428907246772641
0.2770000000000002,0.15,-0.008822114654148597,0.36788379393826587,-0.0584313811877776
0.2780000000000002,0.15,-0.009232873169663654,0.34955453757731414,-0.062159467804095404
0.2790000000000002,0.15,-0.009620267418076325,0.34675064239820086,-0.06551474184676633
0.2800000000000002,0.15,-0.009934840227940238,0.3328447303628569,-0.07060849307854415
0.2810000000000002,0.15,-0.010218771012161443,0.3281150618439891,-0.07519286772426219
0.2820000000000002,0.15,-0.010378975155823155,0.3025519056842092,-0.07931881674708165
0.2830000000000002,0.15,-0.010515596146401664,0.2989046848837238,-0.08303216567746807
0.2840000000000002,0.15,-0.010542311358508534,0.27590299795970613,-0.08637418852199427
0.2850000000000002,0.15,-0.010506261096227817,0.2630745603463981,-0.09129790028614194
0.2860000000000002,0.15,-0.010354044344105352,0.23816496799728804,-0.09572925699034954
0.2870000000000002,0.15,-0.010176180793789727,0.23311969937179666,-0.0997174741409784
0.2880000000000002,0.15,-0.010011784745191843,0.236522050380244,-0.10330687490625148
0.2890000000000002,0.15,-0.009778982801790941,0.22187057554329886,-0.10653734382084025
0.2900000000000002,0.15,-0.009479120828191426,0.2073245958646669,-0.11113259003814277
0.2910000000000002,0.15,-0.008906727682903919,0.14667373001131478,-0.11526833735696469
0.2920000000000002,0.15,-0.008314122931114604,0.14143898724644804,-0.11899049799968898
0.2930000000000002,0.15,-0.007496184192102563,0.0903858371780232,-0.12234045692013684
0.2940000000000002,0.15,-0.006666980522090392,0.08639519848090796,-0.1253554116493227
0.2950000000000002,0.15,-0.005658300265718029,0.04471638229539904,-0.12946808002338367
0.2960000000000002,0.15,-0.00463604427644751,0.03948250945653506,-0.13316947515937227
0.2970000000000002,0.15,-0.0034243795212415174,-0.004974759773334503,-0.1365007431060529
0.2980000000000002,0.15,-0.002205651936669949,-0.00938696630625302,-0.13949887722342882
0.2990000000000002,0.15,-0.0008171889322654691,-0.05011603085830901,-0.14219720691475646
0.3000000000000002,0.15,0.0005997949013067113,-0.05984789552806602,-0.14562705372815626
0.3010000000000002,0.15,0.0021783237029325024,-0.09941757881094507,-0.1487139285759455
0.3020000000000002,0.15,0.0037646740961741225,-0.1052583683341648,-0.15149210927210083
0.3030000000000002,0.15,0.005501002414239318,-0.14278588488613458,-0.1539924798197627
0.3040000000000002,0.15,0.007238455413871858,-0.147697561639904,-0.15624280754720113
0.3050000000000002,0.15,0.00911720564203666,-0.1837649812438653,-0.15879436391365853
0.3060000000000002,0.15,0.010994791566918615,-0.188504102276502,-0.16109076159018346
0.3070000000000002,0.15,0.013030686421882381,-0.2289746377588962,-0.16315752621835267
0.3080000000000002,0.15,0.015076217356509793,-0.2367027484069279,-0.16501760830552586
0.3090000000000002,0.15,0.017254002243761057,-0.2718122966466088,-0.1666916884780803
0.3100000000000002,0.15,0.019434258603911434,-0.27852498011259375,-0.16820652329654262
0.3110000000000002,0.15,0.02174826974275249,-0.3144197506457127,-0.16956987960190592
0.3120000000000002,0.15,0.0240570818150787,-0.3198179158318313,-0.1707968963072395
0.3130000000000002,0.15,0.026510800120173535,-0.35872919089210703,-0.1719012156023434
0.3140000000000002,0.15,0.02896063777716026,-0.3649290622329001,-0.1728950988575227
0.3150000000000002,0.15,0.031554587593856945,-0.40414571480233596,-0.17325538814170882
0.3160000000000002,0.15,0.034144758764168,-0.41081400677695573,-0.1735796431997587
0.3170000000000002,0.15,0.036853048848911774,-0.4447150057483532,-0.1738714756541893
0.3180000000000002,0.15,0.03956395691338327,-0.4532353608149232,-0.17413412083126087
0.31900000000000023,0.15,0.04237921784810333,-0.4844614720694598,-0.1743705051693412
0.32000000000000023,0.15,0.04538728713464091,-0.5357550082727102,-0.17349495843052545
0.32100000000000023,0.15,0.04819327379470812,-0.4996877997894802,-0.17270696716499548
0.32200000000000023,0.15,0.05105173702090499,-0.5196869965838744,-0.17199775982985568
0.32300000000000023,0.15,0.054265770973494665,-0.6075052424983876,-0.1713594877682412
0.32400000000000023,0.15,0.05750626292430119,-0.6230655077581976,-0.17078503072864273
0.32500000000000023,0.15,0.06101692911743034,-0.6930672856527098,-0.16862044146683844
0.32600000000000023,0.15,0.06453543314593102,-0.7055124046362907,-0.1666722964089398
0.32700000000000023,0.15,0.06822429481811412,-0.7542374327018465,-0.16491896998506175
0.32800000000000024,0.15,0.07191563866619133,-0.7661502771185411,-0.1633409702458866
0.32900000000000024,0.15,0.07574546497134627,-0.8083359293669702,-0.1619207749192433
0.33000000000000024,0.15,0.07952281597747304,-0.8084623161369958,-0.15839026213338372
0.33100000000000024,0.15,0.08340860435571179,-0.8443513547135943,-0.15521279077781583
0.33200000000000024,0.15,0.08728862957588865,-0.8552087724475737,-0.1523530602278407
0.33300000000000024,0.15,0.09125533416104072,-0.8865865637807566,-0.14977930401707032
0.33400000000000024,0.15,0.0952140940634666,-0.8971638967530782,-0.14746292002156072
0.33500000000000024,0.15,0.09926948531333929,-0.9310271820753498,-0.14248089008899492
0.33600000000000024,0.15,0.10330330475313727,-0.9389707888584861,-0.13799704525392323
0.33700000000000024,0.15,0.1073657633832236,-0.9580356604881632,-0.13396157834962222
0.33800000000000024,0.15,0.11140878137770528,-0.9664491959549126,-0.13032965465995663
0.33900000000000025,0.15,0.11547116250251775,-0.9836073296197537,-0.12706092048122167
0.34000000000000025,0.15,0.11956393665611652,-1.00322645848436,-0.12061671891684658
0.34100000000000025,0.15,0.12365538749796223,-1.015896726727207,-0.11481691602500413
0.34200000000000025,0.15,0.12768842604115008,-1.0158703045702044,-0.10959708035347007
0.34300000000000025,0.15,0.1317209142495068,-1.028564351654915,-0.1048992242358531
0.34400000000000025,0.15,0.13574458930763375,-1.0395116875641883,-0.10067114743702502
0.34500000000000025,0.15,0.13968769306607612,-1.0344106243199973,-0.0928272323309707
0.34600000000000025,0.15,0.14357570219410073,-1.0347988228586975,-0.08576766938118355
0.34700000000000025,0.15,0.14746733414147647,-1.048077938407732,-0.07941405177747599
0.34800000000000025,0.15,0.15130638112658082,-1.0489044606224909,-0.07369578317029427
0.34900000000000025,0.15,0.15514994368448679,-1.0622862723960895,-0.06854933694566204
0.35000000000000026,0.15,0.15900712705455108,-1.0777838489547282,-0.05944597121218245
0.35100000000000026,0.15,0.1628520718287209,-1.0874915700671641,-0.05125291170780291
0.35200000000000026,0.15,0.16632827991369073,-1.0178651198054935,-0.043879126957153264
0.35300000000000026,0.15,0.169848579303692,-1.0390093247179515,-0.03724270158187218
0.35400000000000026,0.15,0.17334182388852318,-1.0444723853658555,-0.03126991491836731
0.35500000000000026,0.15,0.17679368972335205,-1.046716436539322,-0.021270061848187832
0.35600000000000026,0.15,0.1802345675876113,-1.0555879463516098,-0.012104108232087657
0.35700000000000026,0.15,0.18365006154488114,-1.0612407772884889,-0.0038547611602966214
0.35800000000000026,0.15,0.18706017446700268,-1.0712809131218433,0.003569805508186502
0.35900000000000026,0.15,0.19029178909892344,-1.0427718668187704,0.01025181365313041
0.36000000000000026,0.15,0.1933993167253837,-1.0258880242698671,0.020251642192773173
0.36100000000000027,0.15,0.19639020460960024,-1.01020814492668,0.030242320526603333
0.36200000000000027,0.15,0.19933349328017766,-1.0096662366053495,0.039233950942044044
0.36300000000000027,0.15,0.20215162709494175,-0.991571364713536,0.04732646345206823
0.36400000000000027,0.15,0.20493038551535034,-0.9923401839207957,0.05460972988290666
0.36500000000000027,0.15,0.2076181631708525,-0.981380742496665,0.06460958696718452
